X_2,X_11,X_8,X_7,X_13,X_16,X_1,X_4,X_12,X_14,X_17,X_10,X_9,X_19,X_5,X_18,X_0,X_3,X_6,X_15
1,1,0,1,1,1,1,1,0,0,0,1,1,1,0,1,1,0,1,0
0,1,1,1,1,0,1,0,0,1,0,0,1,0,0,0,0,0,0,0
1,1,1,0,0,0,1,0,0,0,0,1,1,0,1,1,0,0,1,1
1,1,1,0,0,1,1,1,0,1,0,1,1,0,1,0,1,0,0,0
0,1,1,0,0,0,0,1,0,1,0,0,1,0,0,1,0,0,1,1
0,1,0,1,0,1,0,1,0,1,0,1,0,0,0,1,0,0,0,0
1,1,1,0,0,1,0,1,1,0,0,1,1,0,1,1,1,1,1,1
1,1,0,1,1,1,0,1,0,1,0,1,0,0,0,1,0,0,1,1
0,1,1,1,0,0,1,1,1,0,0,1,0,1,0,1,0,1,1,1
1,1,0,1,1,0,1,0,0,0,0,1,1,1,1,1,1,0,0,1
1,1,1,0,0,1,0,1,1,0,0,1,1,0,1,1,1,0,0,1
1,1,1,0,0,1,1,0,1,0,1,1,0,0,1,0,1,0,0,0
1,1,0,1,0,0,1,1,0,1,0,1,0,0,0,0,0,1,1,0
1,1,0,1,0,0,0,0,0,1,0,1,1,1,1,1,0,0,0,0
1,1,1,0,0,1,1,0,0,0,0,1,1,0,1,1,1,0,1,1
1,1,1,0,0,0,0,1,0,1,0,1,1,0,1,1,0,0,1,1
0,1,1,1,1,0,1,0,0,0,0,0,1,1,0,0,0,1,1,0
1,1,0,1,1,1,0,0,0,0,0,1,1,1,0,1,1,0,1,0
0,1,0,1,1,0,0,1,1,1,0,1,1,0,1,1,0,1,1,1
0,1,1,1,1,0,1,0,0,0,0,1,0,1,0,1,0,0,1,0
0,1,0,1,0,1,0,1,1,1,0,1,0,0,0,1,1,1,0,0
1,1,1,0,0,1,0,1,0,1,0,1,1,0,1,0,1,0,0,1
1,1,1,0,0,1,1,1,0,0,0,1,1,1,1,1,1,0,1,1
0,1,0,1,0,1,1,0,1,0,0,0,0,1,0,1,1,1,1,0
1,1,0,1,1,1,0,1,0,0,0,1,1,1,1,1,1,0,1,0
1,1,0,1,1,1,0,1,0,1,0,1,1,0,1,0,1,1,1,1
0,1,0,0,0,1,0,1,0,0,0,1,0,0,0,1,0,0,0,0
1,1,0,0,0,1,0,1,1,0,0,1,1,0,1,1,1,0,1,1
0,1,0,1,0,1,0,0,1,0,0,1,0,1,0,1,1,1,1,1
1,1,0,0,0,0,0,1,0,1,0,1,1,0,1,1,0,0,1,1
0,1,0,0,0,0,0,1,0,1,0,1,1,0,0,0,0,1,1,1
1,1,0,0,0,0,1,1,1,0,0,1,1,0,1,1,0,1,1,1
0,1,0,0,1,1,0,1,0,1,0,1,0,0,1,1,1,0,0,0
1,1,0,1,1,0,0,1,0,0,0,1,1,1,1,1,0,0,1,0
1,1,0,0,0,1,1,1,0,0,0,1,1,0,1,1,0,0,1,1
0,1,0,1,0,1,0,1,0,1,0,1,1,1,1,0,1,0,0,0
1,1,0,1,1,1,0,1,0,1,0,1,0,0,0,1,1,0,0,0
0,1,1,1,1,0,1,0,1,0,0,1,1,1,1,1,0,1,1,0
1,1,1,0,0,1,0,1,0,0,0,1,1,0,1,0,1,0,0,1
0,1,1,1,0,0,1,0,0,0,0,0,1,1,0,0,0,0,1,1
0,1,0,0,0,1,1,1,0,1,0,0,1,0,0,0,0,1,1,0
0,1,0,1,1,1,0,1,0,1,0,1,1,0,0,0,1,0,1,1
0,1,0,1,1,0,0,0,1,0,1,0,1,0,1,0,1,1,1,0
0,1,0,1,0,0,0,1,0,0,0,0,0,0,0,1,1,0,1,0
1,1,0,0,0,0,0,0,0,0,0,1,1,0,1,1,1,0,0,0
1,1,1,1,0,1,1,0,0,1,0,1,1,0,1,1,0,0,0,0
0,1,0,0,1,1,0,1,0,0,0,0,0,1,0,1,1,0,0,0
1,1,0,1,1,1,0,1,1,0,1,1,1,0,1,0,1,1,1,1
1,1,1,1,0,1,0,1,0,0,0,1,0,1,0,1,0,0,1,0
1,1,1,1,1,0,1,1,0,0,1,0,0,1,0,0,1,1,1,0
1,1,1,1,0,1,1,0,0,0,0,1,0,1,0,1,0,0,0,1
0,1,1,0,1,1,1,1,1,0,0,0,1,0,1,0,1,1,1,0
0,1,0,0,0,1,0,1,0,1,0,1,1,0,1,0,1,1,1,1
0,1,0,1,0,1,1,1,1,0,0,1,1,0,0,0,0,0,0,1
1,1,0,1,1,1,1,0,0,1,0,1,1,0,1,0,1,1,0,1
1,1,0,1,1,0,0,1,0,1,0,1,1,0,1,1,0,0,1,1
1,1,0,0,0,1,0,1,0,1,0,1,1,0,0,1,0,0,1,1
0,1,1,0,1,0,1,1,0,1,0,0,0,0,0,1,1,1,1,0
0,1,0,1,1,0,1,0,0,0,0,0,1,1,0,0,0,0,1,0
1,1,0,1,1,0,1,1,0,1,0,1,0,0,0,0,1,1,0,1
0,1,0,1,1,0,1,0,1,0,0,1,1,1,0,0,0,0,1,0
0,1,1,0,0,0,0,1,0,1,0,0,1,0,0,0,0,1,1,1
1,1,0,0,0,1,1,0,0,0,0,1,1,1,1,1,1,0,1,1
1,1,0,1,1,1,1,0,0,0,0,1,1,1,1,1,1,0,1,1
1,1,0,0,0,0,1,0,0,1,1,0,0,1,0,0,0,0,1,1
0,1,0,0,0,1,1,0,0,0,0,1,0,1,0,1,0,0,1,1
1,1,0,1,0,0,0,1,0,1,0,1,0,0,0,1,1,0,1,1
0,1,0,0,0,0,0,0,0,0,0,1,1,0,0,0,0,1,0,0
0,1,0,1,1,0,1,0,0,0,0,0,0,1,0,0,0,0,1,1
0,1,1,1,1,1,0,0,0,1,0,0,1,0,0,0,0,0,0,0
1,1,1,0,0,1,0,1,0,0,0,1,1,0,1,1,1,0,0,1
0,1,0,1,1,0,0,0,1,0,0,0,1,1,1,0,1,0,1,0
1,1,0,0,0,1,0,0,0,0,0,1,1,1,1,1,1,0,0,1
1,1,0,1,0,0,1,0,0,0,0,1,1,1,1,1,0,0,0,1
1,1,0,1,1,1,1,0,0,0,0,1,1,1,1,1,1,0,1,0
0,1,0,1,1,0,0,1,0,1,0,1,1,0,0,0,1,1,1,1
1,1,0,1,0,0,1,0,1,0,1,1,1,1,1,0,1,1,0,1
0,1,1,1,0,0,0,0,0,1,0,0,1,0,0,0,1,0,0,0
1,1,0,1,1,1,0,0,0,0,0,1,1,1,1,1,1,0,1,0
0,1,0,0,0,1,0,1,0,1,0,0,1,0,1,0,1,1,1,1
1,1,1,1,0,1,1,0,0,1,0,0,0,0,0,0,0,1,1,0
0,1,0,0,1,1,1,1,0,0,0,1,1,0,0,0,0,1,1,1
1,1,0,1,0,0,0,0,0,0,0,1,1,1,1,1,0,0,1,0
0,1,0,0,0,0,0,1,1,0,0,1,1,0,0,0,0,1,1,0
0,1,1,1,1,0,0,0,1,0,0,0,0,1,1,1,1,1,1,1
0,1,0,1,1,1,1,0,0,1,0,1,1,0,0,0,1,0,1,1
1,1,0,0,0,1,0,0,0,1,0,1,1,0,1,1,0,0,1,1
0,1,0,1,1,1,0,1,0,1,0,1,1,0,0,0,1,0,0,1
0,1,1,1,1,0,1,1,0,1,0,0,0,0,0,1,1,0,0,1
0,1,1,1,0,1,1,0,0,0,0,1,0,1,0,1,0,1,0,1
0,1,1,1,0,1,1,0,0,0,0,0,0,1,0,1,1,0,1,0
0,1,1,1,0,0,0,0,1,1,0,0,0,0,0,1,0,1,0,0
0,1,1,0,1,0,1,0,1,1,0,1,1,0,1,0,1,1,1,0
1,1,1,0,0,1,1,1,0,1,0,1,1,0,1,1,1,0,1,1
0,1,0,1,1,1,0,1,0,1,0,1,0,0,1,1,1,1,0,0
1,1,0,0,0,1,0,1,0,0,0,1,1,0,1,1,1,0,0,1
0,1,1,1,0,1,1,1,0,1,0,0,1,0,0,0,1,0,1,0
0,1,0,1,1,1,1,0,0,0,0,1,0,1,1,1,0,0,0,1
0,1,1,0,0,1,1,1,0,1,0,1,1,0,0,0,0,0,0,1
1,1,0,0,0,1,1,1,1,1,0,1,1,0,1,1,1,0,1,0
0,1,1,1,1,1,1,1,1,0,0,0,1,1,0,0,0,0,1,0
0,1,0,1,1,0,0,1,0,1,0,0,1,0,0,0,0,0,1,1
1,1,0,1,0,0,0,0,0,0,0,1,1,1,1,1,0,1,1,1
0,1,1,1,1,1,0,1,0,0,0,1,0,1,0,1,1,0,1,0
1,1,0,1,1,0,0,1,0,1,0,1,0,0,0,0,0,0,1,1
0,1,0,1,1,1,0,0,0,0,0,0,0,1,0,1,0,0,1,1
1,1,1,1,0,1,0,0,1,0,0,1,1,1,1,1,1,1,0,1
1,1,1,0,0,1,1,1,1,1,0,1,0,0,0,1,1,0,0,1
0,1,1,0,0,0,0,0,1,0,0,0,1,0,0,1,0,1,0,0
1,1,1,0,0,1,1,0,0,1,0,1,1,0,1,1,1,0,1,1
1,1,0,1,1,0,0,1,0,1,0,1,1,1,1,1,0,0,1,1
1,1,1,0,0,1,0,1,0,0,0,1,1,0,1,1,1,0,0,0
0,1,0,1,1,0,0,1,0,1,0,1,1,0,0,0,0,0,1,1
0,1,1,1,1,1,1,1,1,0,0,1,0,1,0,1,1,1,0,1
1,1,1,1,1,0,1,1,1,1,0,0,0,0,0,1,0,0,1,0
1,1,1,0,1,1,0,0,0,0,0,1,1,1,1,1,1,0,0,0
0,1,1,1,0,1,1,0,0,0,0,1,1,1,0,0,1,0,1,0
0,1,0,1,1,1,0,1,1,1,0,1,0,0,0,1,0,0,1,1
0,1,1,0,0,0,0,1,0,0,0,0,1,0,0,0,0,1,0,1
1,1,0,1,0,0,0,1,0,0,0,1,1,1,1,1,0,0,1,0
0,1,1,1,1,0,0,1,1,0,0,0,0,1,0,1,1,1,1,0
0,1,1,0,0,0,1,1,0,1,0,0,1,0,0,0,0,1,0,1
1,1,1,1,0,1,0,1,1,0,1,1,1,0,1,0,1,1,0,1
1,1,1,0,0,0,1,1,1,1,0,1,1,0,1,1,0,1,1,1
0,1,0,0,0,0,1,0,0,1,0,0,1,0,0,0,0,1,0,1
0,1,0,1,0,0,1,1,1,0,0,0,1,1,0,0,0,1,0,0
0,1,0,0,0,0,0,0,0,0,0,0,0,1,0,1,0,0,0,1
1,1,0,0,0,0,0,1,0,0,0,1,1,0,1,1,0,0,0,1
0,1,0,0,0,0,0,1,1,1,0,1,1,0,1,1,0,1,0,1
0,1,1,1,1,0,1,0,1,0,0,1,0,1,1,1,0,0,1,1
0,1,1,0,1,1,0,0,0,1,0,1,1,0,0,0,0,0,0,0
1,1,1,1,0,0,0,1,0,1,0,0,0,0,0,0,1,1,0,0
1,1,0,0,0,0,0,1,0,0,0,1,1,0,0,1,0,0,0,1
0,1,0,1,0,1,0,0,0,1,0,1,1,1,0,0,1,0,0,0
0,1,0,1,0,0,0,1,0,1,0,0,1,0,1,1,1,1,0,0
0,1,1,1,1,0,0,1,1,0,0,1,1,1,0,0,1,0,1,0
1,1,0,1,0,1,0,1,0,1,0,0,0,0,0,0,1,1,0,0
0,1,0,1,1,0,0,1,1,0,0,0,0,1,0,1,1,1,1,0
1,1,0,0,0,1,0,0,0,1,0,1,1,0,0,1,0,0,1,1
0,1,1,0,0,0,1,1,0,0,0,0,0,0,0,1,1,0,1,1
1,1,0,1,0,1,0,1,0,1,0,1,0,0,0,1,1,0,0,0
0,1,0,1,1,1,1,1,0,1,0,0,1,0,0,0,1,0,1,0
0,1,1,0,0,0,1,1,1,0,0,0,1,0,0,0,0,1,1,1
1,1,1,1,1,1,0,1,0,1,0,0,0,0,0,0,1,1,1,1
0,1,1,0,1,1,0,1,0,0,1,1,1,0,1,0,1,1,0,0
0,1,1,1,1,0,0,0,1,0,0,1,0,1,0,0,1,0,1,1
0,1,1,1,0,0,1,0,0,1,0,0,1,1,0,0,0,0,1,0
0,1,1,1,1,0,0,0,1,0,0,1,0,1,0,1,1,1,0,1
1,0,0,0,1,1,0,0,0,0,0,1,1,1,1,0,0,0,0,1
1,1,0,1,0,1,1,1,1,1,0,1,1,0,1,1,1,1,1,0
0,1,0,0,0,1,0,1,0,1,0,0,1,0,1,1,1,0,1,1
1,1,0,0,0,1,1,1,0,0,1,1,0,0,1,0,1,0,1,1
0,1,1,0,0,0,1,1,0,1,0,1,1,0,0,0,0,1,0,1
0,1,0,1,0,0,1,1,0,1,0,1,1,0,0,0,0,0,1,0
0,1,0,1,0,1,0,0,1,0,0,1,1,1,0,0,0,0,0,1
1,1,0,1,1,0,1,1,1,0,1,1,1,0,1,0,0,1,1,0
1,1,0,1,1,0,0,1,0,1,0,1,1,0,1,1,0,0,1,1
0,1,1,1,0,1,1,0,1,0,0,0,1,1,0,0,1,0,1,0
0,1,1,0,1,1,1,1,0,0,0,1,0,1,0,1,0,0,0,0
1,1,1,0,0,1,0,1,0,1,0,1,1,0,1,1,0,0,1,1
1,1,1,0,0,0,0,0,1,0,1,1,0,1,0,0,0,0,0,1
1,1,1,0,0,1,1,1,0,1,0,1,1,0,1,1,1,0,1,1
0,1,0,0,0,1,0,0,0,1,0,1,1,0,0,0,0,1,0,0
1,1,1,0,1,0,1,1,0,1,0,1,1,0,1,0,0,0,1,1
1,1,0,1,1,1,1,1,0,1,1,1,0,0,0,1,1,0,0,1
1,1,0,1,1,1,0,1,0,0,0,1,1,1,1,0,0,1,1,0
0,1,0,0,0,1,0,1,1,0,0,1,1,1,0,0,0,1,0,1
0,1,0,1,1,1,0,1,0,1,0,1,1,0,1,0,1,0,1,1
1,1,1,0,0,1,1,1,0,0,0,1,1,0,1,0,1,0,1,1
1,1,1,0,0,1,1,1,1,0,0,1,1,0,1,1,1,0,1,1
1,1,1,1,1,0,1,1,1,0,0,1,1,0,1,1,0,0,0,1
0,1,0,1,1,0,1,0,0,1,0,0,1,1,1,0,1,0,0,1
0,1,0,1,1,1,0,1,1,0,0,1,0,1,1,1,1,1,1,0
1,1,0,0,0,0,1,0,0,0,0,1,1,0,0,1,1,0,1,1
0,1,1,1,1,1,0,0,0,1,0,0,1,0,0,1,1,1,0,0
1,1,1,0,0,1,0,1,0,0,0,1,1,0,1,1,1,0,0,1
0,1,1,0,0,0,1,1,1,1,0,0,0,0,1,1,1,1,0,1
1,1,1,1,1,1,0,1,1,0,1,1,0,0,1,0,1,1,1,1
0,1,1,1,0,1,1,0,1,0,0,1,0,1,0,1,0,1,0,1
0,1,0,1,0,0,1,0,0,1,0,0,1,1,0,0,0,0,0,0
1,1,0,0,0,1,1,1,0,1,0,1,1,0,1,1,1,0,1,1
1,1,1,1,0,0,0,0,1,0,0,1,1,0,1,1,0,0,1,0
0,1,0,1,1,0,1,0,1,0,0,0,0,1,1,1,0,1,1,0
1,1,1,0,0,0,1,1,0,0,0,1,1,0,1,1,0,0,1,1
0,1,1,1,1,1,0,0,1,0,0,1,0,1,0,0,1,0,1,1
0,1,0,0,1,0,1,0,1,1,0,1,1,0,0,1,0,1,0,0
1,1,0,0,0,1,1,1,0,0,0,1,1,0,1,1,1,0,0,0
1,1,1,0,0,0,1,1,0,0,0,1,1,0,1,1,0,0,1,1
0,1,0,1,1,1,1,0,1,0,0,0,0,1,0,1,1,1,1,0
1,1,0,0,0,0,1,0,0,0,0,0,1,1,0,1,0,0,1,1
0,1,0,1,1,0,0,1,0,0,0,0,1,1,0,1,0,0,1,0
1,1,1,0,0,0,1,0,0,1,0,1,1,0,1,1,0,0,0,1
1,1,1,0,1,1,1,1,0,1,0,1,1,0,1,0,1,0,0,1
0,1,1,0,0,0,1,1,1,1,0,1,1,0,0,1,0,1,1,0
1,1,0,0,0,1,0,0,1,0,0,1,1,1,1,1,1,1,1,1
1,1,1,1,1,1,1,0,1,0,0,1,1,1,0,0,0,0,0,1
1,1,0,0,0,1,1,0,1,0,0,1,1,1,1,0,1,0,1,1
0,1,0,0,1,0,1,1,0,1,0,0,1,0,0,0,0,1,0,0
1,1,1,1,1,1,0,0,0,0,0,1,1,1,1,1,1,0,1,0
0,1,0,1,0,1,1,1,0,1,0,0,1,0,0,0,1,0,1,0
0,1,0,1,1,1,1,1,1,0,0,1,1,1,1,0,1,0,1,0
1,1,0,1,1,1,1,1,1,0,1,0,0,1,0,0,1,1,1,0
0,1,0,0,0,0,0,1,0,0,0,0,1,0,0,1,0,0,0,1
0,1,1,1,1,0,1,1,1,0,0,0,0,1,0,0,0,0,1,0
0,1,1,0,0,0,0,1,0,1,0,0,1,0,0,0,0,1,1,1
0,1,0,1,0,0,0,0,1,0,0,1,1,1,0,0,0,0,1,1
0,1,0,0,0,0,0,1,1,1,0,0,1,0,0,1,0,1,1,1
1,1,1,0,0,1,0,0,0,0,1,1,0,1,1,0,1,0,0,1
0,1,1,1,0,0,0,1,1,0,0,1,0,1,0,0,1,0,1,0
0,1,0,1,1,1,1,0,0,0,0,0,0,1,0,1,1,0,1,0
0,1,1,0,0,0,1,1,1,0,0,0,1,0,0,1,1,1,1,1
0,1,0,1,0,0,0,1,0,1,0,0,1,0,1,0,1,0,0,0
1,1,0,1,1,1,0,1,1,1,0,1,0,0,0,1,1,0,1,1
0,1,0,1,0,0,1,0,1,0,0,0,1,1,0,0,0,0,0,1
1,1,0,0,0,0,0,1,1,0,0,1,1,1,1,1,1,1,0,1
1,1,1,1,1,0,1,1,0,0,0,1,1,1,1,1,0,0,1,0
0,1,0,0,0,0,1,0,0,0,0,0,1,1,0,0,0,1,1,0
0,1,1,1,1,1,1,1,1,0,0,0,1,1,0,0,1,0,1,0
1,1,1,1,1,0,1,1,1,1,0,1,1,0,1,1,0,0,1,1
0,1,0,1,1,0,1,0,1,0,0,0,0,1,0,1,1,1,1,0
0,1,0,1,0,1,0,1,0,1,0,0,1,0,0,0,1,1,0,0
0,1,1,0,0,0,0,1,1,0,0,0,0,0,0,1,0,1,0,1
1,1,1,0,0,1,1,1,0,0,0,1,1,1,0,1,0,0,1,1
0,1,0,1,1,1,0,1,0,1,0,1,1,0,0,0,1,0,0,0
0,1,1,1,1,1,0,0,1,0,0,1,0,1,0,1,1,1,0,1
0,1,0,1,1,0,0,0,0,0,0,0,0,1,1,1,0,0,1,1
0,1,0,1,0,0,0,1,0,1,0,0,1,0,0,0,0,1,0,0
1,1,0,1,0,0,1,0,0,1,0,1,0,0,0,0,1,1,0,0
0,1,1,0,0,0,1,0,1,0,0,0,1,1,0,0,0,1,1,1
0,1,1,1,0,1,0,1,0,1,0,0,1,0,1,0,1,0,0,0
0,1,0,1,1,0,1,1,0,1,0,1,0,0,0,1,1,0,0,1
0,1,0,0,0,0,0,1,0,0,0,0,1,0,0,1,0,0,1,1
0,1,1,1,1,0,1,1,0,0,0,1,0,0,0,1,0,0,0,1
0,1,0,1,0,0,1,1,0,1,0,0,1,0,0,0,0,0,0,0
0,1,0,0,0,1,0,1,0,1,0,0,1,0,0,1,0,0,1,1
0,1,1,0,0,0,0,1,0,1,0,0,1,0,0,0,0,1,1,1
0,1,1,1,1,0,1,1,0,1,0,0,1,0,0,0,0,0,1,0
1,1,0,0,0,0,0,1,1,0,1,1,0,0,0,0,0,0,0,1
1,1,0,0,0,0,0,1,0,0,1,1,0,0,0,0,0,0,0,1
1,1,1,0,0,1,1,1,0,1,0,1,1,0,1,1,1,0,1,1
1,1,1,1,0,1,1,0,1,0,0,1,1,1,1,0,1,1,1,0
0,1,1,1,1,0,1,1,0,0,0,0,0,1,0,0,1,0,1,0
1,1,1,0,1,0,0,0,1,0,0,1,1,1,1,1,0,0,0,0
1,1,1,0,0,0,0,1,0,1,0,1,1,0,1,1,1,0,0,1
1,1,1,1,1,0,0,1,1,0,0,1,1,1,0,1,1,1,1,0
1,1,1,0,0,1,0,1,0,0,0,1,1,0,1,1,1,0,0,1
1,1,1,0,0,1,1,1,0,0,0,1,1,0,1,1,1,0,1,1
1,1,1,0,0,0,1,0,0,0,0,1,1,0,1,1,0,0,1,1
1,1,0,0,0,0,0,0,0,0,0,1,1,1,1,1,0,0,0,1
1,1,1,0,0,1,0,1,0,1,0,1,1,0,1,0,1,0,1,1
0,1,0,1,1,1,0,1,0,1,0,1,1,0,0,0,1,0,1,1
0,1,1,1,1,1,1,1,0,1,0,1,1,0,1,0,1,1,0,0
0,1,1,1,0,0,0,0,0,1,0,0,1,0,0,0,0,0,0,0
1,1,1,0,0,0,1,0,0,1,0,1,1,0,1,1,0,0,0,1
1,1,0,0,1,1,0,1,0,0,0,1,1,0,1,1,1,0,0,1
0,1,0,1,1,0,1,0,1,0,0,0,1,1,0,0,0,0,1,0
1,1,0,0,0,1,0,1,0,1,0,1,1,0,1,1,1,0,1,1
0,1,0,0,0,0,1,0,1,0,0,0,1,1,1,1,1,1,1,1
0,1,0,1,1,1,1,1,0,1,0,0,1,1,0,0,1,0,1,0
0,1,1,1,1,1,1,1,0,1,0,1,1,0,1,0,1,0,0,1
1,1,0,1,0,0,0,0,0,0,0,1,1,1,1,1,0,0,1,0
0,1,0,1,1,0,0,0,0,0,0,0,0,1,0,1,0,0,1,1
0,1,1,0,1,0,1,0,0,1,0,1,1,0,1,1,0,0,0,0
1,1,0,1,1,1,1,1,0,0,0,1,1,1,1,1,0,0,0,0
0,1,1,0,0,0,1,1,1,0,0,0,1,0,0,0,0,1,1,1
0,1,0,0,0,0,0,1,1,1,0,0,1,0,0,1,0,1,1,1
1,1,1,1,1,0,0,1,0,0,0,1,1,1,1,1,0,0,1,1
1,1,0,0,0,0,1,1,0,0,0,1,1,0,1,1,0,0,1,1
0,1,0,1,1,1,1,0,0,1,0,1,1,0,0,0,1,0,0,1
0,1,0,1,0,0,0,1,1,0,1,0,1,0,0,0,0,0,0,1
1,1,0,1,1,1,0,0,0,0,0,1,1,1,1,1,1,0,1,0
0,1,0,0,0,0,0,1,0,1,0,0,1,0,0,0,0,0,1,1
0,1,1,1,1,0,1,0,0,0,0,0,0,1,0,1,0,0,1,0
0,1,1,1,0,0,1,1,0,1,0,0,1,1,0,0,0,0,0,0
0,1,1,1,1,1,1,0,1,0,0,1,1,1,0,0,1,1,1,0
1,1,0,0,0,1,0,1,0,0,1,1,0,0,0,0,0,1,1,1
1,1,0,0,0,1,0,1,0,0,0,1,1,0,1,1,0,0,0,1
1,1,0,0,0,1,0,0,0,0,0,1,1,1,1,1,1,0,0,0
0,1,0,0,0,0,0,1,1,0,0,0,1,0,1,1,0,1,0,1
0,1,0,1,0,1,1,1,0,0,0,1,1,1,0,0,0,0,1,0
1,1,1,0,1,1,1,1,0,0,0,1,1,0,1,1,1,0,1,1
0,1,0,1,0,1,0,0,0,1,0,1,1,1,0,0,0,0,0,0
1,1,1,1,1,1,1,0,1,1,0,1,1,0,1,1,0,1,1,0
1,1,0,0,0,0,0,1,0,0,0,1,1,1,1,1,0,0,0,1
0,1,0,0,0,1,0,1,0,1,0,0,1,0,1,0,0,1,1,1
1,1,1,1,0,0,0,1,1,0,1,0,1,1,1,0,1,1,1,0
1,1,0,1,1,0,0,0,0,0,0,1,1,1,1,1,0,0,1,0
0,1,0,0,0,0,0,1,1,0,0,1,1,0,0,0,0,1,0,1
0,1,1,0,0,0,1,0,0,1,0,0,1,0,0,0,0,1,0,1
1,1,1,0,0,0,1,1,0,0,0,1,1,0,1,1,0,0,1,1
0,1,0,1,1,1,1,0,1,0,1,0,1,1,0,0,1,0,1,0
1,1,1,0,0,0,0,1,0,0,1,1,0,0,0,0,0,0,0,1
0,1,0,0,1,1,1,1,0,1,0,1,1,0,0,1,0,0,0,0
0,1,0,0,0,0,0,1,0,1,0,0,1,0,0,0,0,1,1,1
1,1,1,0,0,0,1,0,0,0,0,1,1,1,1,1,0,0,1,1
0,1,0,1,1,0,1,0,1,1,0,0,0,0,0,1,0,1,0,0
0,1,1,1,1,1,1,1,0,1,0,0,0,0,0,1,1,1,0,1
0,1,0,0,0,1,0,0,0,1,0,1,1,0,0,1,1,0,0,0
0,1,1,1,0,1,0,0,1,0,0,0,0,1,0,1,1,0,0,1
1,1,0,1,0,0,0,1,0,1,0,0,0,0,0,0,1,1,0,0
1,1,1,1,1,1,0,1,1,1,0,1,1,0,1,0,1,1,1,1
1,1,1,1,1,0,1,0,1,1,0,0,0,0,0,0,0,1,0,0
1,1,0,0,0,1,0,1,0,1,0,1,1,0,1,1,1,0,0,1
0,1,1,1,0,1,1,0,1,0,0,1,1,1,0,0,0,0,0,1
0,1,0,0,0,0,0,1,1,1,0,1,1,0,0,1,0,1,1,1
0,1,0,0,1,1,0,0,0,1,0,1,1,0,1,0,1,1,0,0
0,1,1,1,1,1,0,1,0,1,0,1,1,1,0,0,1,1,1,1
0,1,0,0,0,0,0,1,0,1,0,0,1,0,0,0,0,0,0,0
0,1,1,0,1,1,0,1,1,1,0,0,1,0,1,1,0,1,0,0
1,1,1,1,1,0,0,1,1,0,0,1,1,1,1,1,0,0,1,1
1,1,0,0,0,1,1,0,0,0,0,1,1,1,1,1,1,0,1,1
1,1,1,1,1,1,1,0,0,0,0,1,1,1,1,1,1,0,0,1
0,1,0,0,1,0,0,1,0,1,0,1,1,0,0,0,0,0,0,0
0,1,0,1,1,1,0,1,0,1,0,1,0,0,0,0,1,1,1,1
0,1,0,1,0,1,1,0,0,1,0,0,1,0,0,0,1,1,1,0
0,1,0,1,0,1,1,1,0,1,0,0,1,0,0,0,1,0,1,0
0,1,0,1,1,0,0,0,0,1,0,0,1,1,1,0,1,0,1,1
1,1,1,0,0,0,1,1,0,1,0,1,1,0,1,1,0,0,0,1
1,1,1,0,0,1,0,1,0,0,1,1,0,0,1,0,1,0,0,1
0,1,0,1,1,0,0,1,0,1,0,0,1,0,0,0,1,0,1,1
1,1,1,0,0,1,0,1,0,1,0,1,1,0,1,1,1,0,1,1
0,1,0,1,1,1,0,0,0,0,0,1,1,1,0,0,0,0,1,1
0,1,0,1,0,1,1,0,0,1,0,0,1,1,0,0,1,0,1,0
1,1,1,1,0,1,1,0,1,0,0,1,1,1,1,0,1,1,1,0
0,1,0,1,0,1,1,0,1,0,0,1,0,1,1,1,1,0,1,0
1,1,1,0,0,0,0,0,1,0,1,0,0,0,0,0,0,0,0,0
0,1,1,0,0,0,0,1,1,0,0,0,1,0,0,0,0,1,0,1
1,1,0,0,0,0,1,0,0,0,1,1,0,0,0,0,0,0,1,0
1,1,1,0,0,1,1,0,0,0,0,1,1,1,1,1,1,0,1,1
0,1,0,1,1,0,0,0,0,0,0,1,0,1,1,1,0,0,1,0
0,1,1,0,0,0,0,1,0,0,0,0,1,0,1,0,1,1,0,0
0,1,1,0,0,1,1,1,0,0,0,1,1,0,1,0,1,1,1,1
0,1,0,1,0,1,1,0,0,1,0,1,1,1,0,0,1,0,1,0
0,1,0,1,1,0,1,1,1,0,0,1,0,1,0,0,1,0,1,0
0,1,0,1,0,0,0,0,0,1,0,0,1,0,1,0,1,1,0,0
0,1,1,0,0,1,0,1,0,1,0,0,1,0,0,0,0,1,0,1
0,1,1,1,0,0,1,1,1,0,1,0,1,0,0,0,0,1,1,0
0,1,1,0,0,0,1,0,1,0,0,0,1,1,0,0,0,1,1,1
1,1,1,0,0,0,1,1,0,1,0,1,0,1,0,0,0,0,0,1
1,1,0,1,1,1,1,1,0,1,0,1,0,0,0,1,1,0,0,1
0,0,1,1,0,0,1,0,1,0,0,0,1,0,0,0,0,1,0,1
1,1,1,1,0,0,0,1,0,1,0,1,1,0,1,1,0,0,0,0
0,1,0,0,1,1,0,0,0,1,0,1,1,0,0,0,0,1,1,0
0,1,1,0,0,0,1,1,0,1,0,1,0,0,0,1,0,0,0,1
0,1,0,0,0,1,0,1,1,0,0,0,1,0,0,0,0,1,0,1
1,1,0,0,0,1,0,1,1,1,0,1,1,0,1,1,1,0,1,1
0,1,0,0,0,0,0,0,0,0,0,0,0,1,0,1,1,0,0,1
1,1,0,0,1,0,0,0,0,1,0,1,1,0,1,1,1,0,0,0
0,1,1,1,1,0,1,0,0,1,0,0,1,0,0,0,0,0,0,1
0,1,0,0,1,1,0,1,0,0,0,1,0,0,0,1,0,0,0,0
0,1,1,0,1,0,0,1,1,0,0,1,1,0,1,0,0,1,0,0
1,1,0,1,0,0,0,1,0,1,0,0,0,0,1,1,0,0,0,0
0,1,1,1,0,1,1,0,1,0,0,1,1,1,0,0,1,1,1,0
0,1,0,0,0,0,0,0,1,0,0,1,1,0,0,0,0,1,0,0
0,1,0,0,0,1,0,0,0,0,0,1,1,1,0,0,0,1,0,1
1,1,1,0,0,1,0,0,0,0,0,1,1,0,1,1,1,0,1,0
0,1,0,1,1,0,0,1,0,1,0,0,1,0,0,0,0,0,1,1
1,1,1,0,0,0,1,1,0,0,0,1,1,0,1,1,1,0,1,1
0,1,1,1,0,1,1,1,0,1,0,1,1,0,1,0,1,0,1,0
0,1,0,0,0,1,0,1,0,1,0,1,0,0,0,1,1,1,0,0
1,1,0,1,0,1,0,0,0,0,0,1,1,1,1,1,1,0,1,1
0,1,1,1,1,1,1,1,1,0,0,1,0,1,0,0,0,0,1,0
1,1,0,0,0,0,1,0,0,0,0,1,1,1,1,1,0,0,1,1
1,1,1,0,0,1,0,1,0,0,0,1,1,0,1,1,1,0,0,1
1,1,1,1,1,1,0,1,0,0,1,1,0,0,1,0,1,1,0,1
0,1,0,0,0,0,0,1,1,0,0,0,1,0,1,0,1,1,1,1
1,1,1,0,0,1,1,1,0,0,0,1,1,0,1,1,1,0,1,1
0,1,1,1,1,0,0,1,1,0,0,0,0,1,0,1,1,1,1,0
0,1,0,0,0,1,0,1,0,0,0,0,0,0,0,1,1,0,0,1
0,1,0,1,1,0,0,0,1,0,0,1,1,1,0,0,1,0,1,0
0,1,0,0,0,0,0,0,1,1,0,0,0,0,0,1,0,1,1,1
0,1,1,0,0,0,0,1,0,1,0,0,1,0,1,0,1,1,0,1
1,1,0,0,0,1,0,1,0,0,0,1,1,1,1,1,1,0,0,1
0,1,1,0,0,1,1,0,0,0,0,1,0,0,1,1,1,0,1,0
0,1,0,1,0,0,0,0,0,0,0,1,0,1,1,1,0,0,1,1
0,1,0,1,0,0,1,1,0,1,1,0,1,0,0,0,0,1,1,0
0,1,1,1,1,1,1,0,0,1,0,1,1,1,1,0,1,0,0,1
0,1,1,1,1,1,0,1,0,1,0,1,1,0,1,0,1,0,1,1
1,1,0,0,1,1,0,1,0,0,0,1,1,0,1,1,1,0,0,1
1,1,0,0,0,1,0,1,0,1,0,1,1,0,1,1,1,0,1,1
0,1,1,1,1,0,1,1,1,0,0,1,1,1,1,0,1,0,1,0
1,1,0,0,0,0,0,1,0,0,0,1,1,0,1,1,0,0,1,1
0,1,0,0,1,0,0,0,1,0,0,0,1,0,1,1,0,0,0,0
0,1,1,0,0,1,1,1,0,1,0,0,1,0,1,1,0,0,0,1
1,1,1,1,1,1,1,0,0,1,0,0,0,0,0,1,1,0,0,0
0,1,0,1,0,1,0,0,0,1,0,1,1,0,0,0,0,0,0,0
0,1,0,1,1,0,1,1,1,1,0,1,0,0,0,1,1,1,0,1
0,1,1,0,0,0,1,1,0,1,0,0,1,0,0,0,0,1,1,1
0,1,0,1,1,1,0,1,1,0,0,0,0,1,0,1,1,1,1,0
0,1,0,0,0,1,0,1,1,0,0,0,1,0,1,1,0,1,0,1
0,1,1,0,0,0,1,1,1,1,0,1,1,0,1,1,0,1,0,0
0,1,0,0,0,0,0,1,0,1,0,0,1,0,0,0,0,1,1,1
1,1,1,0,0,1,1,1,0,0,0,1,1,0,1,1,1,0,1,0
0,1,0,0,0,1,1,0,1,0,0,1,1,1,0,0,0,1,1,0
0,1,0,0,0,1,1,0,1,0,0,1,1,1,0,0,0,1,1,1
0,1,0,1,1,1,1,0,0,0,0,1,1,1,0,0,0,0,0,1
0,1,1,0,1,1,1,0,0,1,0,0,1,0,0,1,1,0,1,0
1,1,1,0,0,0,0,1,0,0,0,1,1,0,1,1,0,0,0,1
1,1,1,0,0,0,0,1,0,0,0,1,1,0,1,1,0,0,0,1
1,1,0,0,0,1,1,1,1,0,0,1,1,0,1,0,1,0,1,1
0,1,1,0,0,1,1,0,0,1,0,1,1,0,1,0,1,1,0,1
1,1,1,0,0,0,1,0,0,0,0,1,1,1,1,1,1,0,1,1
1,1,1,0,0,0,0,1,0,0,0,1,1,0,1,1,0,0,0,1
1,1,0,1,0,1,1,0,0,0,0,1,1,1,1,1,1,0,1,0
0,1,0,0,1,0,0,1,0,1,0,0,1,0,1,0,1,1,0,0
0,1,0,1,0,1,0,0,0,1,0,1,1,0,0,0,1,0,0,0
0,1,0,1,1,1,0,0,0,1,0,1,1,0,0,0,1,0,0,0
0,1,1,1,1,1,0,1,0,1,0,0,1,0,0,0,0,1,0,0
1,1,1,0,0,0,1,1,0,0,0,1,1,0,1,1,1,0,1,1
1,1,0,0,0,1,0,1,0,0,0,1,1,0,1,1,1,0,0,1
1,1,0,1,1,0,0,0,0,0,0,0,1,1,0,1,1,0,1,0
1,1,1,0,0,0,1,1,1,1,0,1,1,0,1,1,1,0,1,1
1,1,0,1,1,1,1,0,0,0,0,1,1,1,1,1,1,0,1,0
1,1,0,1,0,0,1,0,0,1,0,0,0,0,0,0,0,0,1,0
0,1,1,0,0,0,0,1,0,1,0,0,1,0,0,0,0,1,0,1
0,1,0,1,0,0,0,1,0,1,0,0,1,1,0,0,1,0,0,0
0,1,1,0,0,1,1,0,1,0,0,1,1,0,1,1,1,1,1,1
1,1,1,1,1,1,1,0,0,0,0,1,1,1,1,1,1,0,0,1
0,1,1,0,0,0,0,1,0,1,0,0,1,0,0,0,0,1,1,1
1,0,1,1,1,1,0,1,0,0,1,1,1,1,1,0,0,0,0,1
0,1,0,0,0,1,1,1,0,0,0,1,1,0,0,1,0,0,1,1
1,1,1,0,0,1,1,1,0,0,0,1,1,0,1,1,1,0,1,1
0,1,1,1,1,1,1,1,0,1,0,1,1,0,1,0,1,0,0,0
1,1,0,0,1,0,0,0,0,1,0,1,1,0,1,1,1,0,1,0
0,1,0,1,1,0,0,0,0,0,0,0,0,1,0,0,1,0,1,1
0,1,0,1,1,1,0,1,0,1,0,1,1,1,0,0,1,0,0,0
0,1,1,1,0,1,1,0,0,1,0,1,0,1,0,1,1,0,0,0
0,1,1,0,0,0,1,1,0,1,0,0,1,0,0,0,0,1,0,1
0,1,1,0,0,0,1,1,0,0,0,0,0,0,0,1,0,0,1,1
1,1,0,0,0,1,0,1,0,0,0,1,1,0,0,1,1,0,0,1
0,1,1,0,0,0,0,0,1,0,0,0,1,1,0,0,0,1,0,1
0,1,1,1,1,0,1,0,0,1,0,0,1,0,0,0,0,0,0,1
1,1,1,0,0,0,1,0,0,1,0,1,1,0,1,1,0,0,0,1
0,1,1,1,1,0,0,1,1,1,0,0,0,0,0,1,1,1,1,1
0,1,1,1,0,0,0,0,1,0,0,0,1,1,0,0,1,1,1,0
0,1,0,0,0,0,0,1,0,0,0,0,1,0,0,0,0,1,0,1
0,1,1,0,1,0,1,1,0,0,0,0,1,0,0,0,0,1,1,1
0,1,0,1,0,0,0,0,1,0,0,0,0,1,0,1,0,1,0,1
0,1,1,1,0,1,0,0,1,0,0,1,1,1,0,1,1,1,1,0
1,1,0,1,0,1,0,1,0,1,0,1,0,1,0,1,0,0,0,0
1,1,0,1,1,0,0,0,0,0,0,1,1,1,1,1,0,0,1,1
0,1,1,1,1,1,0,0,1,0,0,1,1,1,0,0,0,0,1,0
0,1,1,1,1,1,1,1,1,0,0,1,1,1,0,0,1,1,1,0
0,1,1,1,0,0,1,1,1,0,0,1,0,1,0,1,0,1,1,0
0,1,0,1,1,1,0,0,0,1,0,0,1,1,0,0,1,0,1,1
0,1,1,0,0,0,0,0,0,1,0,1,1,1,0,0,0,1,1,1
0,1,1,1,0,0,0,1,0,0,0,0,0,1,0,0,0,0,1,0
0,1,1,1,1,1,0,1,0,1,0,1,1,0,1,0,1,0,1,1
0,1,1,1,0,1,0,1,1,0,0,0,1,1,0,0,1,0,1,0
1,1,1,1,1,1,1,0,0,1,0,0,0,0,0,0,1,1,1,0
0,1,0,1,1,0,1,0,0,1,0,0,1,1,0,0,1,0,1,0
1,1,0,0,0,1,1,1,1,0,0,1,1,0,1,1,1,0,1,1
0,1,1,1,1,0,0,1,0,1,0,0,1,0,1,0,1,0,1,1
0,1,0,1,0,1,0,1,0,1,0,1,0,0,0,1,0,0,0,0
0,1,0,1,1,1,1,1,0,1,0,1,1,1,1,0,1,0,0,1
0,1,0,1,1,0,0,1,1,0,0,0,1,1,1,0,1,0,1,0
0,1,1,0,0,0,1,1,0,1,0,0,1,0,1,0,1,1,0,0
0,1,1,0,0,0,1,1,0,1,0,0,1,0,0,0,0,0,0,1
1,1,0,0,0,1,1,1,0,1,0,1,1,1,1,1,1,0,0,1
1,1,1,0,0,0,1,1,1,0,0,1,1,0,1,1,0,1,1,1
0,1,0,0,0,1,0,0,0,0,0,0,1,0,0,1,0,0,0,0
1,1,1,1,1,0,1,0,1,0,1,0,0,1,1,0,1,1,1,0
1,1,0,1,1,1,1,0,0,0,0,1,1,1,1,1,0,0,1,0
0,1,1,1,0,1,1,1,0,0,0,1,0,1,1,1,1,1,1,0
1,1,1,1,1,1,0,1,0,1,0,1,1,0,1,0,1,1,1,1
1,1,0,0,0,1,1,0,0,0,0,1,1,1,1,1,1,0,1,1
0,1,0,1,0,1,1,0,1,0,0,0,0,1,0,1,1,1,0,1
0,1,0,1,0,0,0,0,0,1,0,1,1,0,0,0,0,0,0,0
0,1,1,1,0,0,0,0,0,1,0,0,1,0,0,0,0,1,0,0
0,1,1,0,1,1,0,1,0,1,0,1,1,0,1,1,1,0,1,0
0,1,0,0,0,0,0,1,0,1,0,1,1,0,0,0,0,1,0,1
0,1,1,1,1,0,1,1,1,0,0,1,1,1,0,0,0,0,1,0
0,1,0,1,1,0,1,0,1,0,0,1,0,1,0,1,0,1,1,0
0,1,0,0,0,1,1,0,1,1,0,1,0,1,0,1,0,1,0,1
0,1,1,1,1,1,0,1,0,1,0,1,1,0,1,0,1,0,1,1
0,1,1,1,1,0,0,1,1,0,0,0,0,1,0,1,1,1,1,0
0,1,1,0,1,0,1,0,0,1,0,0,1,0,0,0,0,1,1,0
0,1,0,1,1,0,0,1,1,1,0,1,1,0,1,1,0,1,1,1
1,1,0,0,0,0,1,1,1,0,1,0,0,0,1,0,1,0,1,1
1,1,1,0,0,0,1,1,0,1,0,1,1,0,1,0,1,0,0,1
0,1,1,0,0,0,1,0,1,0,0,0,1,1,0,0,0,1,1,1
1,1,0,0,1,0,0,0,0,0,0,1,1,0,1,1,0,0,0,0
0,1,1,1,1,1,0,0,0,0,0,0,0,1,0,1,1,1,0,1
0,1,1,0,1,1,0,1,0,1,0,0,1,0,0,0,0,1,1,1
1,0,0,0,1,1,0,0,1,1,0,0,1,1,0,1,1,0,1,1
1,1,1,1,1,0,1,0,0,0,0,1,1,0,1,1,0,0,1,0
0,1,1,0,0,1,0,1,1,1,0,0,1,0,0,1,0,0,1,0
1,1,0,1,0,0,0,1,0,1,0,0,0,0,1,1,0,0,0,0
0,1,1,1,0,0,1,1,1,0,0,0,1,1,0,1,0,1,0,1
0,1,0,0,0,1,0,0,0,1,0,1,1,0,0,0,0,1,1,1
1,0,0,1,1,0,1,0,1,0,0,0,1,0,0,1,0,0,1,0
1,1,1,0,0,1,1,1,1,0,0,1,1,0,1,1,1,0,1,1
1,1,0,1,1,0,0,1,0,0,0,1,1,1,0,1,1,0,1,1
0,1,0,0,0,0,1,1,1,0,0,1,1,0,0,0,0,1,1,0
0,1,1,0,0,0,1,0,0,1,0,0,1,0,0,0,0,1,0,1
1,1,1,0,0,0,1,1,0,0,0,1,1,0,1,1,0,0,1,1
0,1,0,1,1,1,0,1,0,0,0,0,0,1,0,1,1,0,1,0
0,1,0,0,0,1,1,0,1,0,0,1,0,0,0,1,1,0,1,0
1,1,0,1,0,0,1,0,0,0,0,1,1,1,1,1,0,0,1,0
0,1,1,1,0,1,0,1,1,1,0,1,0,1,0,1,0,1,0,0
0,1,1,1,0,0,1,0,0,1,0,0,1,1,0,0,0,0,1,0
1,1,0,1,1,0,0,0,0,0,0,1,1,1,1,1,0,0,1,1
0,1,0,1,0,1,0,1,1,0,0,1,0,0,0,1,0,1,0,1
0,1,1,1,0,1,1,0,0,0,0,1,0,1,0,1,0,1,1,0
0,1,1,1,1,0,0,0,0,0,0,0,1,1,0,0,0,0,1,0
0,1,1,1,1,1,1,0,0,0,0,0,0,1,0,1,1,0,1,0
0,1,0,0,1,1,0,0,0,1,0,1,1,0,0,0,0,1,0,0
0,1,1,0,0,0,1,1,0,0,0,0,1,0,0,0,0,1,1,1
1,1,0,1,1,1,1,1,0,1,0,1,0,0,0,0,1,0,0,1
0,1,1,1,1,0,1,1,1,1,0,0,0,0,1,1,1,1,0,1
0,1,1,0,0,0,1,0,0,1,0,0,1,0,0,0,0,1,1,0
0,1,1,1,1,0,1,0,0,0,0,0,1,1,0,0,0,0,1,0
0,1,1,0,0,1,1,0,0,1,0,1,1,1,0,0,0,1,0,0
1,1,1,0,0,0,0,1,0,1,0,1,1,0,1,1,0,0,1,1
0,1,1,1,0,0,1,0,1,0,0,1,0,1,1,1,0,1,0,1
1,1,1,0,0,0,1,0,0,1,0,1,1,0,1,1,1,0,0,1
1,1,1,1,0,1,0,0,0,0,0,1,1,1,1,1,1,0,0,1
0,1,0,0,0,0,0,1,0,0,0,1,1,0,0,0,0,1,0,1
0,1,1,1,0,0,0,1,0,1,0,0,0,0,0,1,1,0,0,0
1,1,0,1,1,0,0,0,0,0,0,1,1,1,1,1,0,0,1,0
0,1,1,0,1,1,1,0,1,1,0,0,1,0,0,1,1,1,1,0
0,1,1,1,0,1,1,0,1,0,0,1,1,1,0,0,0,0,0,1
0,1,0,1,1,1,0,1,0,1,0,0,0,0,0,1,1,0,1,1
0,1,1,1,1,0,1,0,1,0,0,0,1,1,0,0,1,0,1,0
0,1,0,0,0,1,0,1,1,0,0,0,1,0,0,0,0,0,0,1
1,1,0,0,0,0,1,0,0,0,0,1,1,0,0,1,0,0,1,1
1,1,1,1,1,1,0,1,1,0,0,0,1,1,0,1,0,1,1,0
0,1,0,1,1,0,1,0,1,0,0,0,0,1,0,1,0,0,0,1
1,1,1,0,0,1,0,1,1,0,0,1,1,0,1,1,1,0,0,1
0,1,1,1,0,0,1,1,0,1,0,0,1,0,0,0,0,0,1,0
0,1,1,0,1,0,1,1,1,1,0,0,1,0,0,1,0,1,1,0
1,1,1,0,0,0,0,1,1,1,0,1,1,0,1,1,0,1,1,1
1,1,1,0,0,1,1,1,0,0,0,1,1,1,1,1,1,0,0,0
1,1,0,0,0,0,0,1,1,1,0,1,1,0,1,1,0,0,0,1
1,1,0,1,0,1,0,1,0,0,0,1,1,1,1,1,1,0,1,0
0,1,0,0,0,0,1,0,0,0,0,0,1,1,1,0,1,0,1,1
1,1,0,0,0,0,1,0,0,0,0,1,1,0,0,1,0,0,1,1
0,1,1,1,0,1,1,1,1,0,0,0,0,1,0,1,1,0,1,0
1,1,0,1,1,1,0,1,0,1,0,1,0,1,0,0,1,1,0,0
0,1,1,0,0,0,1,1,0,0,0,0,1,0,0,1,0,0,1,1
0,1,0,1,0,1,0,1,1,0,0,1,1,1,0,1,1,1,0,1
1,1,0,1,1,0,1,0,0,0,0,1,1,1,1,1,0,0,1,0
0,1,0,0,0,0,1,0,0,0,0,0,1,0,1,0,1,1,1,1
0,1,1,1,0,0,0,1,1,0,1,0,0,0,0,1,0,0,1,0
1,1,1,1,1,0,0,1,0,0,0,1,1,1,0,1,1,0,1,0
1,1,1,0,0,1,1,0,0,1,1,1,0,1,0,0,0,1,0,1
0,1,0,1,0,1,0,1,0,1,0,1,1,0,0,0,1,0,0,0
0,1,1,1,1,1,1,0,1,0,0,0,0,1,0,1,1,0,0,1
0,1,0,1,0,0,0,0,0,1,0,0,1,0,1,0,1,0,0,0
0,1,1,1,0,0,1,0,1,0,0,1,0,1,1,1,0,1,1,0
0,1,0,0,0,1,0,1,1,1,0,1,1,0,0,1,1,1,1,1
1,1,0,0,0,0,0,1,0,0,0,1,1,0,0,1,0,0,0,0
1,1,0,1,1,1,0,1,0,1,0,1,0,0,0,0,1,1,0,0
0,1,1,0,1,0,0,0,0,1,0,0,1,0,0,0,0,1,0,0
0,1,0,1,0,0,1,1,0,1,0,1,1,0,0,0,1,0,0,0
0,1,1,1,1,0,1,0,0,1,0,0,1,0,0,0,0,1,0,1
1,1,0,1,1,1,1,0,0,0,0,1,1,1,1,1,1,0,0,1
0,1,0,1,1,0,1,1,0,1,0,1,1,0,0,0,0,0,1,1
1,1,0,0,0,1,1,0,0,0,0,1,1,1,0,1,0,0,1,1
0,1,1,1,1,1,1,0,0,1,0,0,1,0,0,0,1,0,0,1
0,1,0,1,0,1,0,0,0,1,0,1,1,0,0,0,1,0,1,0
1,1,0,1,0,1,0,1,0,1,0,1,0,0,0,0,1,1,0,0
1,1,1,1,0,0,1,1,0,1,0,1,1,0,1,1,0,0,0,0
1,1,0,0,0,0,1,0,1,0,0,1,1,0,1,1,1,1,1,1
1,1,1,0,0,1,0,1,0,0,0,1,1,0,1,1,1,0,1,1
0,1,0,1,1,0,0,1,0,1,0,0,1,0,1,1,1,0,1,1
1,1,1,0,0,1,0,1,0,1,0,1,1,0,1,1,1,0,1,1
0,1,0,0,0,0,0,1,0,0,0,0,0,0,0,1,0,0,0,1
0,1,0,0,0,1,0,1,1,0,0,1,1,0,0,0,0,1,0,0
1,1,0,0,0,1,1,1,1,0,0,1,1,1,1,1,1,0,1,0
0,1,1,0,0,0,0,1,1,0,0,0,1,0,0,1,0,1,0,1
1,1,0,1,0,1,1,0,1,1,0,0,0,0,0,1,1,1,1,0
1,1,0,0,0,0,0,1,1,1,0,1,1,0,1,1,0,0,1,1
0,1,1,0,0,0,1,1,0,0,0,1,1,0,1,1,0,1,1,1
1,1,1,1,1,1,0,1,1,0,1,1,1,0,1,0,1,1,1,1
0,1,0,1,0,0,0,0,0,1,0,0,1,0,0,0,1,0,0,0
1,1,1,0,0,0,0,1,0,0,0,1,1,0,1,1,0,0,0,1
1,1,1,0,0,0,1,1,0,1,0,0,0,0,1,1,0,0,0,1
0,1,0,1,0,0,0,1,0,0,0,1,1,1,0,0,0,0,1,0
0,1,0,0,0,0,0,0,0,1,0,1,1,0,0,0,0,1,1,0
1,1,0,0,0,1,1,0,0,0,1,1,0,0,0,0,1,1,1,1
0,1,1,1,0,0,1,0,0,1,0,0,1,1,0,0,0,0,1,0
0,1,1,0,0,1,1,0,1,0,0,1,0,1,0,1,0,1,1,1
0,1,1,0,0,0,1,0,1,0,0,0,1,1,0,0,0,0,1,1
0,1,0,1,1,1,0,1,1,0,0,0,1,1,0,0,1,0,1,0
0,1,1,1,1,1,1,0,0,0,0,0,0,1,0,1,0,1,0,1
1,1,0,1,1,1,0,0,0,0,1,1,1,0,1,0,1,1,1,0
0,1,0,0,1,0,1,0,0,0,0,0,1,0,0,0,0,1,1,0
1,1,0,1,0,1,0,1,0,1,0,1,0,0,0,0,0,1,0,0
0,1,0,0,0,1,1,1,0,1,0,1,1,0,1,0,1,0,0,1
1,1,0,1,0,0,1,1,1,0,0,1,1,1,1,1,0,0,0,1
0,1,0,0,0,0,1,0,0,0,0,1,1,1,1,1,0,0,0,0
0,1,1,1,0,0,1,0,0,1,0,0,1,1,0,0,0,0,1,0
0,1,1,1,0,0,0,1,1,0,1,0,1,0,0,0,0,0,0,1
0,1,0,0,0,1,0,1,1,0,0,1,1,0,0,1,1,0,0,1
1,1,0,0,0,1,0,1,0,1,0,1,1,0,1,1,1,0,1,1
0,1,0,1,1,1,0,1,0,1,0,1,1,0,0,0,0,0,1,1
1,1,1,0,0,1,1,0,0,0,0,1,1,0,1,1,0,0,1,1
0,1,1,0,0,1,1,0,0,1,0,0,1,0,0,0,0,1,1,1
1,1,0,0,1,0,0,1,0,0,0,1,1,1,1,1,0,0,0,1
1,1,1,1,0,1,1,0,0,1,0,0,0,0,0,0,1,1,1,0
0,1,0,1,0,1,0,1,0,1,0,1,1,0,0,0,1,0,0,0
0,1,0,1,1,1,0,1,1,1,0,0,0,0,0,1,1,1,1,1
1,1,1,0,0,1,1,0,0,0,0,1,1,0,1,1,1,0,1,1
1,1,0,0,0,0,0,1,1,0,1,0,0,0,0,1,0,0,0,1
0,1,0,1,1,0,1,0,0,0,0,0,1,1,0,0,0,1,1,0
1,1,1,0,0,0,0,0,0,1,1,0,0,0,0,0,0,0,1,0
1,1,0,0,1,1,0,1,0,0,0,1,1,0,1,1,1,0,0,1
1,1,0,0,0,0,0,1,0,0,0,1,1,0,1,1,1,0,0,1
0,1,0,1,0,0,0,1,0,0,0,0,0,0,0,1,0,0,0,0
1,1,1,1,1,1,1,0,0,1,0,1,0,0,0,0,1,1,0,1
0,1,0,1,1,1,1,1,0,1,0,0,1,0,0,0,1,0,0,1
0,1,1,0,0,0,1,1,0,1,0,0,1,0,1,0,1,1,0,1
1,1,0,1,0,0,0,1,0,0,0,1,1,1,1,1,0,0,0,1
1,1,1,0,1,1,1,1,0,0,0,1,1,0,1,1,0,0,1,1
1,1,0,0,0,1,0,0,1,0,0,1,1,0,0,1,0,0,0,0
1,1,0,1,0,1,0,1,0,0,0,1,1,1,1,1,1,0,1,0
0,1,0,1,0,1,0,0,0,0,0,1,1,1,1,1,1,1,0,0
0,1,0,0,0,0,0,1,0,1,0,1,1,0,0,1,0,1,1,1
1,1,1,0,0,0,1,1,1,0,1,0,0,1,0,0,0,0,1,0
0,1,1,1,1,1,0,1,0,1,0,0,0,0,0,1,1,0,1,1
0,1,0,1,0,0,1,0,1,0,0,0,1,1,0,0,0,0,0,1
1,1,0,0,0,0,1,0,0,1,1,0,0,1,0,0,0,0,1,0
0,1,1,0,0,1,1,1,0,1,0,1,1,0,0,0,0,0,0,1
1,1,1,1,1,1,0,1,1,0,0,1,1,1,1,0,1,0,0,1
1,1,1,0,1,1,0,1,0,0,1,1,0,0,1,0,1,0,1,0
0,1,0,0,0,0,1,1,0,1,0,0,1,0,1,0,1,1,1,1
0,1,0,1,0,0,0,1,0,1,0,0,1,1,0,0,1,0,0,0
0,1,0,0,1,0,0,0,0,1,0,1,1,0,0,0,0,0,1,0
0,1,0,1,1,1,1,0,0,1,0,0,1,0,0,0,0,0,1,0
1,1,0,0,0,1,1,0,1,0,0,1,1,1,1,1,1,0,1,1
0,1,1,1,1,0,1,1,0,1,0,1,1,0,1,0,1,0,0,1
0,1,0,1,0,0,0,1,0,1,0,0,0,0,1,1,0,0,0,0
1,1,1,0,0,0,0,1,0,1,0,1,1,0,1,1,0,0,1,1
1,1,1,0,0,0,1,0,0,1,0,1,1,0,1,1,0,0,0,1
0,1,0,0,0,1,0,0,0,0,0,0,1,1,0,1,0,0,0,0
0,1,1,0,0,1,1,1,0,0,0,0,1,0,0,1,1,0,1,1
0,1,1,1,0,1,1,1,0,1,0,0,1,0,0,0,1,0,0,0
0,1,1,0,0,0,1,0,1,0,0,0,1,1,0,0,0,1,1,1
1,1,0,1,1,1,1,0,0,0,0,1,1,1,1,0,1,1,0,1
1,1,0,0,0,1,0,1,0,0,0,1,1,0,1,1,1,0,0,1
0,1,0,0,0,0,1,1,0,1,0,1,1,0,0,0,0,1,1,1
0,1,1,1,0,0,1,1,0,1,0,0,1,0,0,0,0,0,1,0
1,1,0,0,0,0,0,1,0,0,0,1,1,0,1,1,0,0,1,1
0,1,1,0,0,0,1,0,1,0,0,1,1,1,0,0,0,0,1,1
1,1,0,0,0,0,1,0,1,0,1,0,0,0,0,0,0,0,1,0
0,1,0,1,1,1,0,1,1,1,0,1,0,0,0,1,1,1,1,1
0,1,1,0,0,0,1,0,1,0,0,0,0,1,0,0,0,1,1,1
1,1,0,0,0,0,0,1,0,0,0,0,1,0,1,1,1,0,0,1
1,0,0,0,0,0,0,0,1,0,0,0,1,1,1,0,0,0,0,1
1,1,0,1,1,1,0,0,1,0,0,1,1,1,1,1,0,0,0,1
1,1,0,0,0,0,1,0,0,0,1,1,0,0,1,1,0,0,1,1
1,1,0,1,1,0,0,1,1,0,0,0,0,1,1,0,1,1,1,0
1,1,0,1,1,1,1,0,0,1,0,1,0,0,1,1,1,0,0,0
1,1,1,0,0,0,0,1,0,0,0,1,1,0,1,1,0,0,0,0
0,1,0,0,0,0,0,1,1,0,0,1,1,0,0,0,0,1,1,1
1,1,1,1,0,0,0,1,0,0,0,1,1,1,1,1,1,0,1,1
1,1,1,0,0,1,1,1,1,0,0,1,1,0,1,1,1,1,1,0
0,1,1,1,0,1,1,0,0,0,0,1,0,1,0,1,0,0,1,1
1,1,1,1,0,1,1,0,0,0,0,1,1,1,1,1,1,0,0,1
0,1,0,0,0,0,0,0,0,0,0,0,0,0,0,1,0,0,0,0
0,1,0,1,1,1,0,1,0,1,0,1,1,0,0,0,0,0,1,1
1,1,0,1,0,0,1,0,0,0,0,1,0,1,1,0,0,0,0,1
1,1,0,0,0,1,0,1,1,0,0,1,1,0,1,1,1,0,0,1
0,1,1,1,1,0,0,1,1,0,0,0,0,1,0,1,1,1,1,0
0,1,1,1,0,1,1,0,0,1,0,0,1,0,0,0,1,0,0,0
1,1,1,1,1,0,1,0,1,0,0,1,1,1,1,1,0,0,1,0
1,1,1,0,0,1,1,0,0,0,0,1,1,0,1,1,0,0,1,0
1,1,0,1,0,0,1,1,1,0,1,1,0,0,0,0,0,1,1,0
0,1,1,1,1,0,1,0,0,0,0,0,1,1,0,0,0,0,0,1
1,1,0,1,1,0,1,0,0,0,0,1,1,1,0,1,0,0,1,0
1,1,0,1,1,1,0,0,0,0,0,1,1,0,0,1,1,0,1,0
0,1,0,1,0,1,1,1,1,0,0,0,0,1,0,1,1,0,1,0
0,1,0,0,0,0,0,1,1,0,0,0,1,0,1,0,1,1,0,1
0,1,1,0,0,0,0,1,1,0,0,0,1,0,0,0,0,1,0,1
1,1,0,1,0,1,1,1,0,1,0,1,1,0,0,0,1,1,1,0
0,1,1,1,1,0,1,0,0,0,0,0,0,1,0,1,0,1,1,0
0,1,0,0,0,1,0,1,0,1,0,1,1,0,0,0,0,1,1,1
0,1,1,1,1,1,0,1,1,0,0,1,0,1,0,1,1,1,1,0
0,1,1,1,1,1,1,0,0,0,0,1,0,1,0,1,1,0,1,1
1,1,1,0,0,0,0,1,1,0,0,1,1,0,1,1,0,0,0,1
0,1,0,1,0,0,0,1,0,1,0,0,1,0,0,0,1,0,0,0
1,1,0,0,0,1,1,0,1,0,0,1,1,0,1,0,1,0,1,1
1,1,1,1,0,0,1,1,0,1,0,1,1,0,1,1,0,0,1,0
1,1,1,0,0,0,0,1,0,0,0,1,1,1,0,1,0,0,0,1
1,1,1,0,0,1,0,1,0,1,0,1,1,0,1,1,1,0,1,1
1,1,0,0,1,1,0,1,0,0,0,1,1,1,1,0,1,0,0,0
0,1,0,0,1,1,0,0,0,0,0,1,1,0,0,0,0,1,0,0
0,1,0,0,0,0,0,1,0,0,0,0,0,0,1,1,1,0,0,1
0,1,0,1,1,0,1,0,1,0,1,0,1,1,1,0,1,0,1,0
0,1,0,0,0,0,1,1,0,0,0,0,1,0,1,0,1,1,0,0
1,1,1,0,0,1,1,1,0,1,0,1,1,0,0,1,1,0,0,1
0,1,0,1,0,0,1,0,0,0,0,0,0,1,1,1,0,0,1,0
0,1,1,0,0,0,1,0,0,1,0,0,1,0,0,1,1,0,0,1
0,1,1,1,1,1,1,0,0,1,0,1,1,0,1,0,1,0,0,1
1,1,0,1,0,0,0,0,0,1,0,0,0,0,0,1,0,0,1,0
0,1,1,1,0,1,0,1,0,1,0,0,1,0,0,0,0,0,0,0
0,1,1,1,0,1,1,1,0,1,0,0,0,0,0,1,1,0,1,0
1,1,0,1,1,1,1,0,0,0,0,1,1,1,1,0,1,1,1,0
0,1,1,1,0,0,0,1,0,1,0,1,1,1,0,0,0,1,0,0
0,1,0,0,0,1,0,1,1,0,0,1,1,0,0,0,1,1,1,1
1,1,0,1,0,0,0,1,0,1,0,1,0,0,0,1,1,0,1,0
1,1,1,0,0,0,1,0,1,0,1,0,0,1,0,0,0,0,1,0
0,1,1,1,1,1,0,1,0,1,0,1,0,1,0,1,1,0,0,0
1,1,0,0,0,0,0,1,0,0,0,1,1,0,1,1,1,0,0,1
1,1,1,0,0,0,1,0,0,0,0,1,1,0,1,1,0,0,1,1
0,1,1,0,0,0,0,1,0,1,0,0,1,0,0,0,0,1,1,1
1,1,0,1,1,0,0,1,0,1,0,1,1,0,1,1,0,0,1,1
1,1,0,0,0,0,1,0,1,0,0,1,1,0,1,1,1,0,1,1
1,1,1,1,1,1,1,1,0,1,0,1,1,0,1,1,1,0,0,1
1,1,1,0,0,0,1,1,0,0,0,1,1,0,1,1,0,0,1,1
1,1,1,0,0,0,1,0,0,1,0,1,0,0,0,1,0,0,0,0
0,1,1,0,0,1,1,1,0,0,0,0,1,0,0,1,0,0,1,1
1,1,0,0,0,0,1,0,0,0,0,1,1,1,1,1,0,0,1,1
0,1,0,0,0,1,1,1,1,1,0,1,1,0,0,0,0,1,0,1
0,1,0,1,1,1,1,1,1,0,0,1,0,0,0,1,1,1,1,1
0,1,1,1,1,1,1,1,0,1,0,0,1,0,0,0,1,0,0,1
1,1,1,0,0,1,1,1,0,0,0,1,1,0,1,1,1,0,1,1
0,1,0,0,0,0,1,1,0,0,0,0,1,0,0,1,0,0,1,1
1,1,1,0,0,1,1,0,0,0,0,1,1,0,1,0,1,0,1,1
0,1,0,0,0,0,1,0,1,1,0,1,0,1,0,1,0,1,0,0
0,1,1,1,1,1,1,0,1,0,0,1,0,1,0,1,1,0,1,0
1,1,1,0,0,1,1,0,0,0,0,1,1,1,1,1,1,0,1,1
1,1,1,0,0,1,1,0,0,0,0,1,1,1,0,1,0,0,1,1
0,1,1,1,0,1,0,1,1,0,0,1,0,1,0,1,1,1,1,0
0,1,0,1,1,0,0,1,0,1,0,1,0,1,1,1,0,1,0,0
0,1,1,0,0,1,1,0,0,1,1,1,0,1,0,1,1,0,0,1
1,1,1,0,0,0,0,1,0,0,0,1,1,1,1,1,0,0,1,1
1,1,0,1,1,1,1,0,0,1,0,1,0,1,1,0,1,1,0,0
0,1,1,0,0,0,1,0,0,1,0,0,1,1,0,0,0,1,0,1
0,1,0,1,0,0,0,1,0,1,0,0,0,0,0,0,1,0,0,0
0,1,0,1,1,0,0,1,1,0,0,0,0,0,0,1,1,1,1,0
1,1,1,0,0,1,0,1,1,1,0,1,1,0,1,1,0,1,1,1
0,1,1,1,0,0,1,0,0,1,0,0,1,1,1,0,0,0,1,0
0,1,0,0,0,0,0,1,0,0,0,0,0,0,0,1,0,0,1,1
1,1,1,0,1,1,0,1,0,0,0,1,1,1,1,1,1,0,1,0
1,1,0,0,1,1,1,1,0,0,0,1,1,1,1,0,1,0,1,1
1,1,0,0,0,1,0,1,1,0,0,1,1,1,1,0,1,0,0,1
1,1,0,1,0,0,1,0,1,0,1,1,1,1,1,0,1,1,0,1
0,1,1,1,1,1,1,0,1,0,0,1,0,1,1,1,1,1,1,0
0,1,1,0,0,1,0,1,0,1,0,1,1,0,1,0,1,1,1,1
0,1,1,0,1,0,1,0,1,1,0,0,0,0,1,1,1,1,0,0
0,1,1,0,1,0,1,0,0,1,0,1,1,0,0,0,0,1,1,0
1,1,1,0,0,1,0,1,0,1,0,1,0,0,0,1,0,0,1,1
1,1,0,0,0,1,0,1,0,0,1,1,0,0,0,0,0,0,1,1
0,1,0,1,0,0,0,1,1,0,0,0,0,1,1,1,0,1,1,0
0,1,1,1,1,0,0,0,0,0,1,0,1,0,0,0,1,0,0,0
1,1,1,0,0,1,1,1,0,0,0,1,1,0,1,1,1,0,1,1
0,1,1,0,0,1,1,1,0,1,0,0,0,0,0,1,1,0,0,1
0,1,1,0,0,1,1,1,0,1,0,1,1,0,1,0,1,1,1,1
0,1,0,0,0,1,0,0,1,0,0,1,1,0,0,0,0,1,0,0
0,1,1,0,0,1,1,1,0,1,0,1,1,0,1,0,1,1,0,1
1,1,0,0,0,1,0,1,0,1,0,1,1,0,0,1,1,0,0,1
0,1,0,0,0,1,1,1,0,1,0,1,1,0,0,0,0,1,0,1
1,1,1,0,0,1,1,1,0,0,0,1,1,0,1,1,1,0,1,1
0,1,0,1,1,0,1,0,1,0,0,0,1,1,1,0,1,0,1,0
0,1,1,1,1,1,0,1,0,0,0,1,1,1,0,0,0,1,1,0
1,1,1,0,0,0,0,1,1,0,1,0,0,0,0,0,0,0,0,1
0,1,1,1,1,0,1,0,0,1,0,0,1,1,0,0,0,0,1,0
1,1,0,1,1,0,0,1,1,0,0,1,1,1,1,1,1,0,0,1
0,1,0,0,1,0,0,0,1,0,0,0,1,0,0,1,1,1,1,0
1,1,0,1,0,0,0,1,0,1,0,1,0,0,0,1,1,0,0,0
0,1,0,1,0,1,0,0,0,1,0,0,1,0,0,0,1,1,0,0
1,1,1,0,0,0,1,1,0,0,0,1,1,0,1,1,0,0,1,1
0,1,0,0,0,0,0,0,0,0,0,0,0,1,0,1,0,1,0,1
0,1,1,1,1,1,0,1,0,0,0,0,0,1,1,1,0,1,1,0
0,1,1,0,1,0,1,1,0,0,0,0,1,1,0,1,0,0,1,0
1,1,1,1,0,1,0,0,0,1,0,1,1,0,0,1,0,0,0,0
1,1,1,0,0,0,1,0,0,1,0,1,1,0,1,1,0,0,1,1
0,1,1,1,1,0,1,0,1,0,0,0,0,1,0,1,0,1,1,0
0,1,1,0,0,0,0,1,0,0,1,1,0,0,1,1,0,1,0,0
0,1,0,0,1,1,0,1,0,1,0,1,0,0,0,1,0,0,0,0
0,1,1,1,1,1,0,0,1,0,0,1,0,1,0,1,1,1,1,1
1,1,0,1,1,1,0,1,0,1,0,1,0,0,0,0,0,1,0,0
0,1,0,0,1,1,0,0,0,1,0,1,1,0,0,0,0,1,0,0
1,1,0,1,1,1,1,0,0,0,0,1,1,1,1,1,1,0,0,1
1,1,0,1,1,1,1,1,0,1,0,1,0,1,1,0,1,1,0,1
0,1,1,0,1,0,1,0,0,1,0,0,1,0,0,1,0,0,0,0
1,1,0,1,1,1,0,1,0,1,0,1,0,0,0,1,0,0,0,0
0,1,0,1,0,1,0,0,1,0,0,1,0,1,1,1,1,1,1,1
1,1,1,0,0,0,1,1,0,0,0,1,1,0,1,1,0,0,1,1
0,1,1,0,0,0,0,1,0,0,0,0,1,0,0,0,0,1,0,1
0,1,0,0,1,1,0,0,0,1,0,1,1,0,0,0,1,1,0,0
0,1,1,1,1,0,0,1,1,0,0,1,0,1,0,1,0,1,1,0
1,1,0,0,0,1,1,0,0,1,0,1,1,1,1,1,1,0,0,1
0,1,0,1,1,0,1,0,1,0,0,1,1,1,0,0,1,0,1,0
1,1,1,0,0,0,0,1,0,0,0,1,1,0,1,1,0,1,1,1
0,1,0,0,0,0,1,1,1,0,0,0,1,0,0,0,0,1,1,1
0,1,1,1,1,0,1,0,0,1,0,1,1,0,1,0,1,0,1,0
0,1,1,0,0,0,0,1,0,1,0,0,1,0,0,0,0,1,0,1
0,1,0,0,1,1,0,1,0,1,0,1,0,0,0,1,0,0,1,0
1,1,0,1,0,1,0,1,0,0,0,1,1,1,1,1,1,0,1,1
1,1,0,1,0,1,0,1,0,1,0,1,0,0,0,1,0,0,1,0
1,1,0,1,1,0,1,0,1,0,0,1,1,1,1,1,0,0,1,0
0,1,0,1,1,1,0,1,0,1,0,1,1,0,0,0,1,1,1,1
1,0,1,0,0,1,0,0,1,0,0,1,1,1,1,0,0,0,0,1
0,1,1,1,1,0,1,0,0,0,0,0,1,1,0,1,1,0,1,0
0,1,1,1,1,1,1,1,0,1,0,0,1,0,0,0,1,1,0,1
0,1,1,1,0,0,0,1,0,1,0,0,1,0,0,0,1,1,0,0
0,1,1,1,1,1,1,0,0,0,0,1,0,1,0,1,0,0,0,1
1,1,1,0,0,0,1,0,1,0,0,1,1,1,1,1,0,0,1,1
1,1,0,0,0,0,0,1,0,0,0,1,1,0,0,1,0,0,0,1
0,1,1,0,0,1,0,1,0,1,0,1,1,0,1,1,1,0,1,1
1,1,0,0,0,1,0,1,1,0,0,1,0,0,0,1,0,0,0,1
0,1,0,1,1,0,1,1,0,1,0,1,1,0,0,0,0,0,0,1
0,1,0,1,0,1,1,0,0,0,0,1,0,1,1,1,1,0,1,0
1,1,1,1,0,0,0,1,1,0,0,1,1,1,1,1,0,0,0,1
0,1,0,0,0,0,0,0,1,1,0,0,1,1,1,1,1,0,1,0
1,1,1,0,0,1,1,1,1,0,0,1,1,0,1,0,1,0,1,1
1,1,1,0,1,0,0,1,0,0,0,1,1,0,1,1,0,0,0,0
0,1,0,0,1,1,0,0,1,1,0,0,1,0,0,0,0,1,1,0
0,1,0,1,1,1,1,1,0,1,0,1,0,0,0,1,0,0,1,0
1,1,0,0,0,1,1,0,0,0,0,1,1,1,1,1,1,0,1,1
0,1,0,0,0,0,1,0,0,1,0,0,1,1,0,0,0,1,1,1
0,1,1,0,0,1,1,0,0,1,0,0,1,0,0,0,0,1,0,0
0,1,0,0,0,0,1,1,1,1,0,1,1,0,0,1,0,1,0,1
1,1,0,0,0,1,0,1,0,0,0,1,1,1,0,1,0,0,0,1
0,1,0,0,0,0,0,1,0,0,0,0,1,0,0,1,0,0,0,1
0,1,0,0,0,1,1,1,1,0,0,1,1,0,0,1,0,1,1,0
1,1,0,0,1,0,1,0,0,1,1,0,0,0,1,0,1,0,1,0
0,1,0,1,1,0,0,1,0,1,0,1,1,1,0,0,0,1,1,1
0,1,1,0,0,0,0,1,1,0,1,0,1,0,0,0,0,1,0,0
1,1,1,0,0,0,1,0,1,0,0,1,1,0,1,1,0,0,1,0
1,1,0,1,0,1,0,1,1,0,0,1,1,1,1,0,1,1,1,0
0,1,1,1,0,0,1,1,1,0,0,0,0,0,0,1,0,1,0,1
1,1,1,0,0,0,1,1,0,0,0,1,1,0,1,1,0,0,0,0
1,1,0,1,1,0,1,1,0,0,0,1,1,1,1,1,0,0,1,1
1,1,1,1,0,1,0,1,0,1,0,1,0,0,1,0,1,1,1,1
0,1,0,0,0,0,0,1,1,1,0,0,1,0,0,1,0,1,1,1
0,1,1,1,1,1,0,0,0,1,0,1,1,1,0,0,1,0,0,0
1,1,0,0,0,0,1,0,0,0,1,1,0,0,1,0,1,0,1,1
1,1,0,1,0,1,0,1,1,1,0,1,0,0,0,1,1,1,0,0
1,1,0,0,0,1,0,1,0,0,0,1,1,0,1,1,1,0,1,1
0,1,0,1,1,1,0,1,0,1,0,1,1,0,0,0,0,0,1,1
0,1,1,1,1,0,0,1,0,1,0,1,1,0,1,0,1,0,0,0
0,1,0,1,1,1,1,1,0,1,0,1,1,0,1,0,1,0,0,1
0,1,1,0,0,0,1,1,0,1,0,1,1,0,1,0,1,1,0,1
0,1,1,0,0,0,1,0,0,1,0,0,1,0,0,0,0,1,0,1
0,1,1,0,0,0,1,0,1,0,1,0,1,1,0,0,0,1,1,0
0,1,0,1,1,1,0,0,0,0,0,1,0,1,0,0,0,0,1,1
0,1,0,1,1,1,1,1,0,1,0,1,1,0,0,0,1,0,0,1
1,1,1,0,0,1,0,0,0,0,0,1,1,1,1,1,1,0,0,1
1,1,1,1,1,0,1,0,1,0,0,1,1,1,1,1,0,0,0,1
0,1,1,1,0,0,1,0,0,1,0,0,1,1,1,0,1,0,1,0
1,1,1,0,0,0,0,1,0,0,0,1,1,0,1,1,0,0,0,1
0,1,1,1,0,0,1,0,0,1,0,1,1,0,0,0,0,0,1,0
0,1,0,1,1,1,1,1,1,0,0,1,0,1,0,1,0,1,1,0
0,1,0,0,1,0,1,0,0,0,0,0,1,0,0,1,1,0,1,0
0,1,1,1,0,1,0,0,0,0,0,1,0,1,0,1,1,1,1,1
0,1,0,1,0,0,0,1,1,0,0,0,1,1,0,1,1,1,1,0
0,1,1,1,1,0,1,1,1,0,0,0,0,1,0,1,1,0,1,0
0,1,0,0,1,1,0,0,1,0,0,1,1,0,0,1,0,1,0,0
0,1,0,1,1,0,0,1,1,1,0,1,0,0,0,1,0,1,1,1
1,1,1,0,0,1,0,0,0,0,0,1,1,0,1,1,1,0,0,0
0,1,0,0,0,0,0,1,1,0,0,0,1,1,0,1,0,1,0,0
1,1,0,1,1,1,0,1,1,1,0,0,0,1,0,1,1,0,1,0
0,1,1,1,1,1,0,0,0,0,0,0,0,1,0,1,1,0,1,1
0,1,1,1,0,0,0,1,1,0,0,1,1,0,1,1,0,1,1,0
1,1,1,0,0,0,0,1,1,0,0,1,1,0,1,1,1,1,1,1
1,1,0,0,0,1,0,0,0,0,0,1,1,1,1,1,1,0,0,1
1,1,0,1,1,0,1,0,1,0,0,1,1,1,1,1,0,0,1,0
0,1,0,1,1,0,1,1,1,0,0,0,0,1,0,1,1,1,0,1
1,1,0,1,1,1,0,1,1,0,0,1,1,1,1,0,1,1,1,0
0,1,0,0,0,1,0,1,0,1,0,1,1,1,0,0,0,1,1,1
1,1,1,0,1,1,0,0,1,0,0,1,1,0,1,1,1,0,0,0
0,1,1,1,0,0,0,0,0,0,0,0,0,1,1,1,0,0,1,1
1,1,0,0,0,0,0,1,0,1,0,1,0,1,0,1,1,0,0,0
0,1,1,1,1,1,1,1,0,1,0,0,1,1,0,0,1,1,0,1
1,1,0,1,1,0,0,1,0,1,0,0,0,0,0,0,0,1,0,0
1,1,1,0,0,0,1,1,0,1,0,1,1,0,1,1,0,0,1,1
0,1,0,0,1,0,0,1,0,1,0,1,1,0,1,1,0,0,0,0
0,1,1,0,0,0,1,1,0,1,0,1,1,0,0,0,0,1,0,1
1,1,0,0,0,0,0,1,0,1,0,1,1,0,1,1,0,1,1,1
1,1,0,0,0,1,1,0,0,0,0,1,1,1,1,1,1,0,1,1
1,1,1,0,0,1,1,0,0,0,0,1,1,1,1,1,1,0,1,1
0,1,0,1,1,1,0,1,0,1,0,0,1,0,0,1,1,0,1,1
0,1,0,1,0,1,0,0,1,0,0,1,1,1,0,0,0,0,0,1
1,1,0,0,0,1,0,0,0,0,0,1,1,1,1,1,1,0,0,1
0,1,0,1,0,0,1,1,0,0,0,1,1,1,0,1,1,0,1,0
1,1,1,0,0,0,0,1,0,0,0,1,1,0,1,1,0,0,1,1
0,1,0,1,1,1,0,1,1,0,0,0,0,1,1,1,0,1,1,0
0,1,1,1,0,0,0,1,0,0,0,1,0,1,0,1,1,0,1,0
0,1,0,1,1,1,0,1,1,0,0,0,1,1,1,0,1,0,0,0
0,1,0,1,0,0,1,0,0,1,0,1,1,0,0,0,0,0,1,0
0,1,0,1,1,1,0,1,0,0,0,0,0,0,0,1,0,0,1,0
0,1,1,1,1,1,0,1,0,1,0,1,1,0,1,0,1,0,1,1
1,1,1,0,0,0,0,1,0,0,1,0,0,0,0,0,0,0,0,0
0,1,0,0,0,0,0,1,0,0,0,0,1,0,1,1,1,0,0,1
0,1,0,1,1,1,0,0,0,1,0,1,0,1,0,0,1,1,1,1
0,1,0,1,1,0,0,0,0,1,0,1,1,0,0,0,1,0,0,0
1,1,0,1,0,0,1,0,0,1,0,0,0,0,1,0,1,1,1,0
1,1,1,0,1,1,1,0,0,1,0,1,1,1,1,1,1,0,0,0
0,1,0,1,0,0,1,1,1,0,0,0,0,1,0,1,1,1,1,0
0,1,0,1,1,0,0,1,0,0,0,1,0,1,1,1,0,0,1,0
1,1,1,0,0,0,0,0,0,0,0,1,1,1,1,1,0,0,0,1
0,1,0,1,0,0,0,1,0,1,0,0,1,0,1,0,1,1,0,0
0,1,1,0,1,1,1,0,1,1,0,1,1,0,1,1,1,0,0,0
1,1,0,1,1,1,0,1,0,0,0,1,1,1,1,1,0,0,1,0
1,1,0,0,0,0,0,1,0,1,0,1,1,0,1,1,1,0,1,1
0,1,1,0,1,0,0,0,0,1,0,0,1,0,0,0,0,1,0,0
0,0,0,1,0,0,1,1,0,0,0,0,0,0,0,0,0,0,0,1
1,1,0,0,0,1,0,0,1,0,0,1,1,1,1,1,1,0,1,1
1,1,0,0,1,0,0,1,0,1,0,1,0,0,0,0,0,0,0,0
0,1,1,0,0,0,1,1,1,0,0,0,1,0,0,1,0,1,1,1
1,1,1,0,0,1,1,0,0,0,0,1,1,1,1,1,1,0,1,1
1,1,0,1,0,1,0,1,0,1,0,1,0,0,0,1,1,0,1,0
0,1,0,1,1,0,0,1,0,0,0,0,0,1,0,1,0,0,1,0
1,1,0,1,0,1,0,1,1,0,1,1,1,0,1,0,1,0,1,1
1,1,1,0,0,0,1,1,0,0,0,1,1,0,1,1,1,0,1,1
0,1,1,1,1,1,0,0,0,1,0,1,1,0,0,0,0,0,0,0
1,1,0,0,0,0,1,1,0,1,0,1,1,0,0,1,0,0,0,1
1,1,1,0,0,0,1,0,0,0,0,1,1,0,1,1,1,0,1,1
0,1,0,1,1,1,1,0,0,0,0,0,1,0,0,0,1,0,1,0
0,1,0,0,0,0,1,1,0,1,0,0,1,0,1,0,1,1,0,1
1,1,0,1,0,1,0,1,0,1,0,1,0,0,0,0,0,0,0,0
0,1,0,0,1,1,0,0,0,1,0,1,1,0,0,0,1,1,0,0
0,1,0,1,0,1,1,0,0,0,0,1,0,1,0,1,1,0,1,0
1,1,1,1,1,0,1,1,0,1,0,1,1,0,1,1,0,0,0,1
0,1,0,1,1,0,0,1,0,0,0,0,0,1,0,1,1,0,1,0
0,1,0,0,1,1,0,0,0,1,0,1,1,0,0,0,0,1,0,0
0,1,1,1,1,0,1,1,0,1,0,1,1,0,0,0,1,1,0,1
0,1,1,0,0,1,1,0,0,1,0,1,1,0,0,0,0,1,0,1
0,1,0,0,0,1,0,0,1,0,1,1,0,0,0,0,0,1,1,0
0,1,1,1,0,1,1,0,0,0,0,1,0,1,0,1,1,0,1,0
0,1,0,1,1,0,0,1,1,1,0,1,0,0,0,1,0,1,1,1
0,1,1,0,0,0,1,1,1,0,0,0,1,0,0,0,0,1,1,1
0,1,0,0,0,1,0,1,0,0,0,0,0,0,0,1,1,1,0,1
0,1,1,1,1,0,1,1,0,1,0,0,1,0,0,0,1,0,1,1
1,1,1,1,1,1,1,0,0,0,0,1,1,1,1,1,1,0,0,1
0,1,0,0,1,1,1,1,0,1,0,1,1,0,0,0,0,1,0,0
1,1,0,0,1,1,1,0,0,1,1,0,0,1,0,0,0,0,0,0
1,1,0,1,0,1,1,0,0,1,0,1,1,1,1,1,1,0,1,0
1,1,0,0,0,1,0,0,1,0,0,1,1,1,1,1,1,1,1,0
1,1,1,1,1,1,0,0,1,1,0,1,0,1,0,1,0,1,1,1
1,1,0,0,0,1,0,1,0,0,1,1,0,0,0,0,0,0,0,0
0,1,0,1,1,1,0,0,0,0,0,0,0,1,0,1,0,0,0,1
0,1,1,1,1,0,0,1,0,1,0,0,1,0,0,0,1,1,0,0
1,1,0,1,1,0,0,1,0,1,1,0,1,0,1,0,1,1,0,0
0,1,0,0,0,0,0,1,1,0,0,0,1,0,1,1,1,1,0,1
0,1,0,0,0,1,0,0,0,0,0,1,1,0,0,1,0,0,0,0
0,1,1,0,0,0,0,1,0,0,0,0,0,0,0,1,0,0,0,1
0,1,1,1,0,0,0,1,0,1,0,0,1,0,0,0,0,0,0,0
1,1,0,1,1,1,1,1,1,0,0,1,1,1,1,1,1,1,0,0
0,1,0,0,1,0,0,0,0,1,0,0,1,0,0,1,0,0,1,0
0,1,1,1,0,1,1,0,0,0,0,0,0,1,0,1,1,0,1,0
1,1,0,0,0,0,1,0,0,0,1,0,0,1,0,0,0,1,1,0
0,1,0,0,0,0,0,1,0,1,0,0,1,0,0,0,1,1,0,1
1,1,1,0,0,0,1,1,1,0,0,1,1,0,1,1,0,0,1,1
0,1,0,0,1,0,0,0,0,1,0,1,1,0,0,0,0,1,1,0
1,1,0,1,0,1,0,1,0,1,0,1,1,1,1,1,1,0,0,0
1,1,0,0,0,1,0,0,0,0,0,1,1,0,0,1,0,0,0,0
1,1,0,1,1,0,0,0,0,0,0,1,1,1,1,1,0,0,1,1
0,1,0,0,0,1,0,1,0,0,0,1,1,0,0,1,0,0,0,1
0,1,1,1,1,0,0,1,1,0,0,0,0,1,0,1,1,1,1,0
1,1,0,0,0,0,0,1,0,0,0,1,1,0,1,1,0,0,0,0
1,1,1,0,0,0,0,1,0,0,1,0,0,0,0,0,0,0,0,1
0,1,1,1,1,0,1,1,0,0,0,1,0,0,1,1,0,0,0,1
0,1,0,0,0,1,1,1,0,1,0,1,1,0,0,0,0,0,0,0
0,1,1,0,0,1,1,0,1,0,0,1,1,1,0,0,0,1,1,0
1,1,0,1,1,0,0,1,0,0,0,1,1,1,0,1,1,0,1,0
1,1,1,0,0,1,0,0,0,1,1,1,1,1,0,1,0,0,1,1
0,1,1,0,0,1,0,1,0,1,0,1,1,0,1,0,1,1,1,1
0,1,1,0,0,0,0,1,0,1,0,0,1,0,0,0,0,1,1,1
1,1,0,0,0,1,0,1,0,0,0,1,1,0,1,1,1,0,0,1
1,1,0,0,0,0,0,1,0,0,0,0,1,1,1,1,1,0,0,1
1,1,0,1,1,1,1,0,0,1,0,0,1,0,1,1,1,0,1,0
0,1,0,1,0,0,0,0,0,1,0,0,1,0,1,0,1,0,0,0
1,1,0,0,0,0,0,1,0,0,0,1,1,0,0,1,1,0,0,1
1,1,0,0,0,1,0,1,0,0,0,1,1,0,1,1,0,0,0,1
0,1,0,1,1,1,0,1,0,1,0,1,1,0,0,0,0,1,1,1
0,1,0,1,1,0,0,0,0,1,0,0,1,0,0,0,1,0,0,0
1,1,1,0,0,0,1,1,0,1,0,0,0,0,1,1,1,0,0,1
0,1,0,0,0,0,0,1,0,1,0,1,1,0,0,0,0,0,1,1
0,1,1,0,1,1,0,1,0,1,0,0,1,0,0,0,0,1,0,0
0,1,0,1,1,1,0,1,0,1,0,1,1,0,0,0,1,0,1,1
1,1,0,1,0,1,0,1,1,0,0,1,1,1,1,0,1,1,0,0
1,1,1,0,0,1,0,1,0,0,0,1,1,1,1,1,1,0,0,1
0,1,0,0,0,1,0,1,0,0,0,1,1,1,0,0,0,0,0,0
1,1,1,1,1,0,1,0,0,0,0,0,1,1,1,1,0,0,1,0
0,1,0,1,0,0,0,1,0,1,0,0,1,0,0,1,1,0,0,0
1,1,0,0,0,1,1,1,0,0,0,1,1,1,1,1,1,0,1,1
0,1,0,1,0,1,0,1,0,1,0,1,0,0,0,1,0,0,0,0
0,1,0,0,0,0,0,1,0,1,0,1,1,0,0,0,0,1,1,1
1,1,1,0,0,1,0,1,0,1,0,1,1,0,1,1,1,0,1,1
0,1,1,1,0,0,0,0,0,1,0,0,1,0,0,0,1,1,0,0
0,1,1,1,0,1,1,1,1,0,0,0,0,1,0,1,1,1,1,1
0,1,0,0,0,1,0,1,0,1,0,1,1,0,0,0,0,0,1,1
0,1,1,1,0,1,1,1,0,0,0,0,0,1,0,1,1,0,0,1
1,1,0,1,0,1,0,1,0,1,0,1,1,1,1,0,1,1,0,0
1,1,0,1,0,1,0,0,1,0,0,1,1,1,1,0,1,1,1,1
1,1,1,0,0,0,0,1,0,0,0,1,1,0,1,1,0,1,0,1
1,1,1,0,0,0,0,1,1,0,1,0,0,0,0,0,0,0,0,0
1,1,0,1,0,0,1,0,0,1,0,0,0,0,0,0,0,1,1,0
0,1,0,0,1,1,0,1,1,0,0,1,0,0,0,1,0,1,0,0
1,1,1,0,1,0,0,1,0,0,1,0,0,0,0,0,0,0,0,0
0,1,0,0,0,0,1,0,0,0,0,0,1,1,0,0,0,0,1,1
1,1,0,1,1,0,1,0,0,0,0,1,1,1,1,1,0,0,0,1
1,1,1,0,0,0,0,1,0,0,0,1,1,0,1,1,0,0,0,1
1,1,0,1,0,0,0,0,0,1,0,1,0,1,0,0,0,0,0,0
1,1,0,1,0,1,1,0,0,1,0,1,0,0,0,0,0,1,1,0
0,1,1,0,1,0,0,0,0,1,0,0,1,0,0,0,0,1,0,0
0,1,1,1,0,1,0,1,1,0,0,1,1,1,0,0,1,0,1,0
0,1,1,1,1,1,1,0,0,1,0,1,0,1,0,0,0,0,0,1
0,1,0,0,0,0,1,0,0,1,0,0,1,0,0,0,0,1,0,1
0,1,1,0,0,1,1,0,1,1,0,1,1,0,1,0,1,0,0,1
0,1,1,0,0,0,1,0,0,1,0,0,1,0,0,0,0,0,0,1
1,1,1,0,0,1,0,0,0,0,0,1,1,0,1,1,1,0,0,0
1,1,1,1,0,0,0,0,0,1,0,1,1,0,1,1,0,0,0,0
0,1,1,0,0,0,1,0,1,0,0,0,1,0,0,0,0,1,1,1
0,1,0,1,0,0,0,1,1,0,0,0,0,1,1,1,1,1,1,0
0,1,1,0,0,1,0,0,1,0,0,1,1,0,1,0,1,1,0,0
0,1,0,1,0,0,0,0,1,1,0,0,0,0,0,1,0,1,0,0
0,1,1,0,0,1,0,1,1,0,0,1,1,0,0,0,0,1,0,1
1,1,1,0,1,1,0,1,0,0,0,1,1,0,1,1,1,0,0,1
1,1,0,0,0,1,1,0,0,0,0,1,1,1,1,1,1,0,1,0
1,1,0,1,1,0,0,1,0,1,0,1,0,0,1,1,0,0,1,1
0,1,0,1,1,0,1,0,0,0,0,0,1,1,0,1,1,0,1,0
0,1,1,1,0,0,1,1,0,0,0,0,0,1,0,1,0,0,0,1
1,1,1,0,0,0,1,0,0,0,0,1,1,0,1,1,0,0,1,0
1,1,1,0,0,1,1,1,0,1,0,1,1,0,1,1,1,0,0,1
1,1,0,1,1,1,1,0,0,0,0,1,1,1,1,1,1,0,1,0
0,1,1,0,0,0,0,1,1,0,0,0,0,0,0,1,1,0,0,1
0,1,1,0,0,1,0,1,0,0,0,1,0,0,1,1,1,0,0,0
0,1,0,0,0,0,0,1,0,1,0,0,1,0,0,0,0,1,1,1
0,1,1,1,1,1,1,0,0,1,0,1,0,1,0,1,1,0,0,1
1,1,0,0,0,0,0,1,0,0,0,1,1,0,0,1,0,0,1,1
0,1,1,0,0,0,1,1,1,0,0,0,1,0,1,0,1,1,1,1
1,1,0,1,0,1,0,1,0,1,0,0,0,0,1,1,0,0,0,0
0,1,0,1,1,1,1,0,0,1,0,1,1,1,0,0,1,0,1,0
0,1,1,0,0,0,1,0,0,0,0,0,1,1,1,1,1,0,1,1
0,1,0,1,0,1,0,0,0,0,0,0,0,1,0,1,1,0,1,1
0,1,1,1,1,0,0,1,1,0,0,0,0,1,0,0,0,0,1,0
1,1,0,0,0,1,0,1,1,0,0,1,1,0,1,0,1,0,0,1
1,1,0,0,0,0,0,1,0,0,0,0,1,1,1,1,1,0,0,1
0,1,1,1,0,1,0,1,0,1,0,0,1,0,0,0,1,1,0,0
0,1,0,1,1,1,0,1,1,1,0,1,0,0,0,1,1,1,1,1
0,1,0,1,1,1,0,1,0,0,0,1,1,1,0,0,1,0,1,0
0,1,0,1,1,0,0,1,1,0,0,1,0,1,1,1,0,1,1,0
1,1,0,0,1,0,0,1,0,1,0,1,0,0,0,0,0,0,1,0
0,1,1,1,0,1,0,1,1,0,0,1,0,1,0,1,1,0,1,0
0,1,0,1,1,0,0,1,0,1,0,1,1,0,0,0,0,1,1,1
0,1,0,0,1,1,0,1,1,0,0,1,0,1,0,0,0,1,0,0
1,1,0,0,0,1,0,1,1,0,0,1,1,0,1,1,0,1,0,1
1,1,0,1,0,0,1,0,0,1,0,0,0,0,0,0,1,0,0,0
0,1,1,1,1,0,0,1,1,0,0,0,0,1,1,1,0,1,1,0
1,1,0,0,0,1,1,1,0,0,0,1,1,0,1,1,1,0,1,0
0,1,0,1,0,1,0,0,0,0,0,0,0,1,0,1,1,1,0,1
0,1,0,1,1,0,0,1,0,1,0,1,1,0,0,0,0,0,1,1
0,1,1,1,0,1,1,0,1,0,0,1,0,1,0,1,1,1,1,0
0,1,0,1,0,1,0,0,1,0,0,0,0,1,0,0,1,1,1,1
0,1,0,0,0,0,0,0,1,0,0,0,1,0,0,0,0,0,0,0
0,1,1,0,0,1,1,0,1,1,0,0,1,0,1,1,0,1,0,1
0,1,0,0,0,0,0,1,0,1,0,0,1,0,1,0,1,1,1,1
1,1,1,1,1,1,1,1,1,1,0,0,0,0,0,1,1,1,0,1
1,1,1,0,0,0,0,0,0,1,1,1,1,1,1,0,0,1,1,1
0,1,1,1,0,0,0,1,0,0,0,0,1,1,1,1,0,0,1,0
0,1,1,0,0,0,1,0,0,0,0,1,1,1,0,1,1,0,1,1
1,1,0,0,0,0,0,1,0,0,0,1,1,0,1,1,0,0,0,1
0,1,1,0,1,1,0,1,0,1,0,1,1,0,1,0,1,1,0,0
0,1,0,0,0,0,1,1,0,0,0,1,1,0,1,1,0,1,1,1
0,1,0,0,0,1,0,0,1,0,0,0,1,0,1,0,1,0,0,1
1,1,1,1,1,0,1,1,0,1,0,0,0,0,0,1,1,0,1,0
0,1,1,1,1,1,1,1,0,1,0,1,1,0,0,0,0,0,1,0
1,1,0,1,0,1,1,0,0,0,1,1,1,1,1,0,1,1,0,1
0,1,0,0,0,1,0,0,0,0,0,1,1,0,0,0,0,1,0,0
0,1,1,1,0,0,0,0,1,0,0,0,0,1,0,1,0,1,1,1
1,1,0,0,0,0,0,1,0,0,0,1,1,0,0,1,1,0,0,1
0,1,0,1,0,1,0,0,0,1,0,1,1,1,1,0,1,0,0,0
0,1,1,1,1,1,1,0,1,0,0,1,1,1,0,0,0,0,1,0
0,1,0,1,0,1,0,0,0,1,0,1,1,0,0,0,0,0,0,0
0,1,1,1,0,0,1,1,0,1,0,0,1,0,0,0,0,0,1,0
1,1,0,0,0,0,1,1,0,1,0,0,0,0,0,0,0,0,0,1
0,1,0,1,0,1,0,0,0,1,0,1,0,0,0,1,1,1,0,0
1,1,0,0,1,0,0,0,0,0,0,1,1,0,1,1,1,0,0,0
0,1,1,0,0,0,1,1,0,1,0,0,1,0,1,0,1,1,0,1
0,1,0,0,0,0,1,1,0,0,0,0,1,0,0,0,1,1,1,1
1,1,0,1,0,1,1,0,1,1,0,1,0,1,0,1,1,0,1,0
0,1,0,1,1,1,1,0,0,1,0,0,1,0,0,0,1,0,1,0
1,1,1,0,1,1,0,0,0,0,0,1,1,0,1,1,1,0,0,0
0,1,1,1,0,1,1,0,0,1,0,0,1,1,0,0,0,0,1,0
0,1,0,0,1,1,0,0,0,1,0,1,1,0,0,1,0,0,0,0
0,1,0,1,0,1,0,1,1,0,0,1,0,1,1,1,1,1,1,0
1,1,0,1,1,1,0,1,0,1,0,1,0,0,0,0,1,0,0,0
0,1,0,1,1,1,1,0,0,1,0,1,1,0,0,0,1,0,0,1
1,1,0,0,0,1,1,1,0,1,0,1,1,0,0,0,0,0,1,1
0,1,0,1,0,1,1,0,0,1,0,1,1,0,0,1,1,0,1,0
0,1,0,0,0,0,0,1,0,0,0,0,1,0,1,1,0,0,0,1
1,1,0,1,1,0,1,1,0,1,0,0,0,0,0,0,0,0,0,1
0,1,0,1,0,1,0,0,1,0,0,1,0,1,0,1,1,1,1,1
1,1,0,0,0,1,0,0,0,0,0,1,1,1,1,1,1,0,0,1
0,1,0,1,1,0,0,1,1,0,0,0,1,0,0,0,0,0,1,1
0,1,0,0,0,1,0,0,0,1,0,1,1,0,0,0,0,1,0,0
0,1,0,1,1,1,1,1,0,1,0,1,1,0,0,0,1,0,1,1
0,1,1,0,0,1,1,1,0,1,0,1,1,0,0,0,0,1,0,1
1,1,1,0,1,0,0,1,1,0,1,0,0,0,0,0,0,0,0,0
1,1,1,1,1,1,0,1,1,0,1,0,0,0,0,0,1,1,1,0
0,1,1,0,1,0,1,1,0,1,0,0,1,0,0,0,0,1,0,0
1,1,0,1,1,1,1,0,1,0,0,0,1,1,1,0,1,0,1,0
1,1,0,1,1,1,1,1,0,0,0,1,1,1,1,1,0,0,1,0
0,1,0,0,1,1,0,1,0,1,0,1,1,0,0,0,0,1,0,0
1,1,0,1,1,0,0,0,0,1,0,0,1,0,1,1,0,0,0,0
1,1,0,0,0,1,0,1,1,0,0,1,1,0,0,1,0,0,0,1
0,0,1,0,0,0,0,1,1,1,0,1,1,1,0,0,0,1,1,0
0,1,0,1,1,0,0,1,1,0,0,0,1,1,1,0,1,0,1,0
0,1,0,1,0,1,0,0,0,1,0,1,1,0,0,0,0,0,0,0
1,0,1,1,0,0,0,1,0,1,1,1,1,0,0,0,0,1,1,1
1,1,0,0,0,1,1,0,0,0,0,1,1,0,1,1,0,0,1,1
0,1,1,1,1,0,1,0,0,1,0,1,1,1,0,0,0,1,0,1
0,1,0,1,1,1,1,1,0,0,0,1,0,1,0,1,0,0,1,0
1,1,0,1,0,0,0,0,0,0,0,0,1,1,1,1,1,0,1,0
1,1,0,0,0,1,0,1,1,0,1,0,0,0,0,0,0,0,0,0
1,1,0,1,0,1,0,0,0,1,0,1,1,0,1,0,1,0,0,0
0,1,0,1,0,0,1,0,0,0,0,0,1,1,0,0,1,0,0,0
0,1,1,1,0,0,1,1,0,1,0,0,1,0,0,0,0,0,1,0
1,1,1,0,0,1,1,0,1,0,0,1,1,0,1,1,1,0,1,1
0,1,1,1,0,0,1,0,0,0,0,0,0,0,0,1,0,0,1,0
1,1,0,0,0,1,1,0,0,0,0,1,1,1,1,1,1,0,1,1
1,1,0,0,0,1,0,1,0,0,0,1,1,0,1,1,1,0,0,1
0,1,0,0,0,0,0,1,1,0,0,0,1,0,0,0,0,1,0,1
0,1,0,0,1,0,0,0,0,1,0,0,1,0,1,0,1,1,1,0
1,0,1,0,1,1,0,1,0,1,0,1,0,1,0,1,1,0,1,1
0,1,0,1,1,1,0,1,0,1,0,1,0,0,0,1,0,1,1,1
0,1,0,1,0,0,0,0,0,1,0,0,1,0,0,0,0,0,0,0
1,1,1,0,0,0,1,0,0,0,0,1,1,1,1,1,0,0,1,1
0,1,1,1,1,1,0,1,0,1,0,1,1,0,1,0,1,0,1,1
0,1,1,1,1,1,1,0,0,1,0,1,1,1,0,0,1,1,0,1
1,1,1,0,0,0,1,1,1,0,0,1,1,0,0,1,0,0,1,1
1,1,0,0,0,1,0,1,1,0,1,1,0,0,0,0,0,1,0,1
1,1,1,0,0,1,1,0,0,0,0,1,1,1,1,1,1,0,1,1
1,1,0,1,0,1,0,1,1,0,0,1,1,1,1,0,1,1,1,1
1,1,0,1,0,0,0,1,0,1,0,0,0,0,0,0,0,0,0,0
1,1,0,0,0,1,1,1,0,1,0,1,1,0,1,0,1,0,0,0
1,1,1,0,0,0,0,1,1,0,1,0,0,0,0,0,0,0,0,0
0,1,1,0,0,0,1,0,0,1,0,0,1,0,0,0,0,0,1,1
1,1,0,0,0,1,1,1,0,0,0,1,1,0,1,1,1,0,1,1
0,1,0,0,0,0,0,0,1,0,0,1,1,0,0,1,1,1,0,0
1,1,0,0,0,1,0,1,0,1,0,1,1,0,1,0,1,0,1,1
1,1,1,0,0,0,1,0,0,0,0,1,1,0,1,1,1,0,1,1
0,1,0,0,0,0,1,1,0,0,0,0,1,0,0,0,0,1,1,1
1,1,0,0,0,1,0,0,0,0,0,1,1,1,1,1,1,0,0,1
0,1,0,0,1,1,0,1,0,1,0,1,1,0,0,0,0,1,1,1
1,1,1,0,0,0,0,1,0,0,0,1,1,0,1,1,0,0,0,1
0,1,1,0,0,0,0,1,0,1,0,0,1,0,0,0,0,1,1,1
0,1,1,0,0,1,0,0,0,1,0,0,1,0,0,0,0,1,0,0
1,1,1,0,0,1,1,1,0,0,0,1,1,0,1,1,1,0,1,1
1,1,1,0,0,1,0,1,1,0,0,1,1,0,1,1,1,1,0,1
0,1,1,1,0,1,1,1,0,0,0,1,0,1,0,1,0,0,0,1
0,1,0,1,1,0,0,1,1,0,0,0,1,0,0,0,0,0,1,0
1,1,1,0,0,1,0,1,1,1,0,1,1,0,0,1,0,1,1,1
1,1,0,0,0,0,0,1,1,0,0,1,1,0,1,1,0,0,0,1
0,1,0,1,0,0,0,1,1,0,0,0,0,1,0,1,0,1,1,0
0,1,1,1,1,1,1,1,1,0,0,1,0,1,0,1,0,1,1,0
0,1,1,1,0,1,1,1,0,0,0,1,0,1,0,1,0,1,1,0
0,1,1,1,0,1,0,0,0,0,0,1,0,1,0,1,0,0,0,1
0,1,1,1,1,1,0,1,0,1,0,1,1,0,0,0,0,0,1,1
0,1,0,0,0,1,1,1,0,0,0,1,0,1,0,1,1,0,1,0
0,1,1,0,0,1,1,0,0,1,0,1,1,0,0,1,1,0,0,0
1,1,0,0,1,1,1,1,1,0,0,1,1,0,1,1,1,1,1,1
0,1,0,1,1,0,1,1,1,0,1,0,1,0,1,0,1,1,1,0
0,1,1,0,0,0,1,1,1,1,0,0,1,0,0,1,0,1,0,1
0,1,1,1,1,0,1,0,1,0,0,1,0,1,0,1,1,1,1,1
0,1,0,1,0,1,1,0,0,0,0,0,1,1,0,0,1,0,0,0
0,1,0,0,0,0,0,1,1,1,0,0,1,0,0,1,0,1,1,1
0,1,1,1,1,1,1,0,0,0,0,1,0,1,0,1,0,0,1,1
0,1,0,1,0,1,1,1,1,0,1,0,1,0,0,0,1,1,1,0
0,1,0,0,1,1,1,0,0,0,0,1,0,0,0,1,0,0,0,0
1,1,0,0,0,1,0,1,0,0,0,1,1,0,1,1,1,0,0,0
0,1,1,1,0,0,1,1,0,1,0,0,1,0,0,0,1,0,1,0
0,1,0,0,1,1,0,0,1,0,0,1,1,0,0,0,0,1,0,0
1,1,1,1,0,0,1,0,0,1,0,0,0,0,0,0,0,0,1,0
0,1,1,1,1,1,1,0,0,0,0,1,0,1,0,1,1,1,1,0
1,1,0,0,0,0,0,1,0,0,0,1,1,0,1,1,0,0,0,1
1,1,1,0,0,1,0,1,0,0,0,1,1,0,1,1,1,0,0,1
0,1,1,1,0,0,1,0,1,0,0,0,1,1,0,0,0,0,1,0
0,1,1,1,1,0,0,1,0,1,0,0,1,0,0,0,0,0,1,1
1,1,1,0,0,0,1,1,0,1,0,1,1,0,1,1,0,0,1,1
1,1,0,0,0,0,1,1,1,0,0,1,1,0,1,1,0,0,1,1
0,1,0,1,0,0,1,1,1,1,0,1,1,0,0,1,0,1,1,0
1,1,1,0,0,1,1,0,1,0,0,1,1,0,1,0,1,0,1,1
1,1,1,1,0,0,0,1,1,0,1,1,1,0,1,0,1,1,1,1
0,1,0,1,1,1,1,0,1,0,0,0,0,1,0,1,1,1,1,0
1,1,0,1,0,0,1,1,0,0,0,1,1,1,1,1,0,0,1,0
0,1,1,0,0,1,1,1,1,0,0,1,1,0,1,0,1,1,1,1
0,1,1,0,1,1,0,1,0,1,0,1,1,1,0,0,0,1,1,0
1,1,1,1,1,0,0,1,0,1,0,0,0,0,1,1,1,0,1,1
0,1,1,0,0,1,0,1,0,1,0,0,1,0,0,0,0,0,1,1
0,1,1,0,0,1,1,0,1,0,0,0,1,0,0,0,0,1,1,1
0,1,1,1,1,1,1,1,0,1,0,0,1,0,0,0,0,1,1,0
0,1,0,1,0,0,1,0,0,0,0,1,0,1,0,1,0,0,1,0
1,1,0,1,1,1,0,1,0,1,0,1,0,0,0,0,1,1,1,1
0,1,0,1,0,1,1,1,0,1,0,1,1,0,0,0,0,0,0,0
1,1,1,1,1,1,0,1,0,1,0,1,1,0,1,0,1,0,1,1
1,1,0,0,0,1,0,1,1,1,0,1,1,0,1,1,1,1,1,1
0,1,1,0,0,0,1,1,0,1,0,0,1,0,0,0,0,1,0,1
0,1,0,0,0,1,0,1,0,1,0,1,1,0,0,1,0,1,1,1
1,1,0,1,0,0,0,1,1,1,0,0,0,0,0,1,0,1,0,0
0,1,1,1,1,0,0,1,0,1,0,0,1,0,0,0,1,0,1,1
1,1,0,0,0,1,1,0,1,0,0,1,1,0,1,1,0,0,1,1
0,1,0,0,0,0,1,0,0,1,0,0,1,0,0,0,0,1,0,1
1,1,1,0,1,1,1,1,1,1,0,1,1,0,1,1,1,1,0,1
1,1,0,0,0,1,0,0,0,1,0,1,1,0,1,1,1,0,1,0
0,1,0,1,0,0,0,0,0,1,0,0,1,0,1,0,1,1,0,0
0,1,0,0,0,1,1,1,1,0,0,1,1,0,0,1,0,1,0,0
0,1,0,1,0,0,0,0,0,1,0,0,1,0,0,0,0,0,0,0
1,1,0,0,0,1,1,1,0,1,0,1,1,0,1,1,1,0,0,1
0,1,0,0,0,0,0,0,1,0,0,1,0,0,0,1,1,1,0,1
0,1,1,1,0,1,1,1,0,0,0,0,0,1,0,1,1,1,0,1
0,1,1,1,0,1,0,0,1,0,1,0,1,0,0,0,1,1,1,0
0,1,0,1,1,1,0,1,1,0,0,0,0,1,0,0,1,0,0,0
0,1,0,0,1,0,0,1,0,1,0,1,1,0,0,0,1,1,0,0
0,1,0,1,0,0,0,1,0,1,0,0,1,0,1,0,1,0,0,0
0,1,1,1,1,1,1,1,1,0,0,1,0,1,0,1,1,1,1,0
1,1,1,0,0,0,1,0,0,0,0,1,1,1,0,1,0,0,1,1
1,1,1,1,0,0,1,1,0,1,0,1,1,0,1,1,0,0,0,0
0,1,1,1,1,1,0,1,1,0,0,0,0,1,0,1,1,1,1,0
0,1,1,1,0,0,1,0,1,0,0,0,0,1,0,1,0,0,1,0
0,1,0,1,1,1,0,0,0,1,0,0,1,0,0,0,1,1,0,0
1,1,1,0,0,1,0,1,0,1,0,1,1,0,1,1,1,0,1,1
1,1,0,0,0,1,0,0,0,1,0,1,1,1,1,1,1,0,0,1
1,1,0,0,0,1,1,1,0,0,0,1,1,0,1,1,1,0,1,1
1,1,1,0,0,1,1,0,0,0,0,1,1,1,1,1,1,0,1,0
1,1,0,1,0,0,0,1,0,0,0,0,1,0,1,1,0,0,1,0
1,1,0,1,0,1,0,1,0,0,0,1,1,1,1,1,1,0,1,0
0,1,0,1,1,0,0,1,0,1,0,0,1,0,0,0,0,1,1,1
0,1,1,1,1,0,1,1,0,0,0,0,0,1,0,1,0,0,1,0
0,1,0,1,0,1,1,0,1,0,0,0,1,1,0,0,1,0,1,0
1,1,1,1,1,0,1,0,0,0,0,1,1,1,1,1,0,0,0,1
0,1,1,0,0,1,1,1,0,0,0,1,1,0,1,0,1,1,0,0
0,1,0,0,1,1,0,1,1,0,0,1,0,0,1,1,1,1,1,0
1,1,0,0,0,0,1,1,0,1,0,1,1,1,1,0,0,0,0,1
0,1,1,1,1,0,1,0,1,0,0,1,1,1,0,0,0,0,1,1
0,1,0,1,1,0,1,1,0,0,1,0,1,0,1,0,1,1,1,0
0,1,1,1,0,1,1,1,0,0,0,0,0,1,0,1,1,1,1,0
0,1,1,1,0,1,1,1,0,1,0,0,1,0,0,0,1,0,1,0
0,1,1,1,0,0,0,0,0,0,0,0,1,0,0,1,0,1,1,0
0,1,0,1,0,1,0,0,0,1,0,0,1,1,0,0,0,0,0,0
0,1,0,1,1,1,0,0,0,1,0,1,1,0,0,0,1,1,0,0
0,1,1,1,1,0,1,0,0,1,0,0,1,1,0,0,1,1,0,1
0,1,1,0,0,0,1,1,1,0,0,0,1,1,0,0,0,1,0,0
0,1,0,0,1,1,0,0,1,1,0,1,1,0,0,1,0,1,0,0
1,1,1,0,0,0,0,0,0,0,0,1,1,1,1,1,0,0,0,1
0,1,1,1,1,1,1,0,0,1,0,0,0,0,0,1,1,0,1,1
0,1,0,1,0,1,0,0,0,1,0,0,1,0,0,0,1,1,0,0
0,1,0,0,0,0,0,1,0,1,0,0,1,0,0,0,0,1,0,1
1,1,0,1,1,1,1,0,1,0,1,1,1,1,1,0,1,1,0,1
0,1,0,1,0,0,0,1,0,1,0,0,0,0,0,1,1,0,1,0
0,1,0,0,0,0,0,1,0,1,0,0,1,0,0,0,0,1,0,1
0,1,0,1,1,0,0,0,1,0,0,0,0,1,1,1,1,1,1,1
1,1,1,0,0,0,0,1,0,1,0,1,1,0,1,1,0,0,0,1
1,1,1,0,0,0,1,1,0,0,0,1,1,0,1,1,0,0,1,0
1,1,0,1,1,0,0,1,0,1,0,0,0,0,0,1,0,0,1,0
0,1,0,1,1,0,1,0,0,1,0,1,1,1,0,0,0,0,0,1
0,1,1,1,1,1,1,0,0,0,0,1,1,1,0,0,1,1,0,1
1,1,1,1,1,1,0,1,0,1,0,1,1,0,1,0,1,0,1,1
0,1,0,1,0,0,0,1,0,1,0,0,0,1,1,1,0,0,0,0
1,1,1,1,1,0,1,1,1,0,0,1,1,1,1,0,1,0,1,0
1,1,1,0,0,1,1,0,0,0,0,1,1,0,1,1,1,0,1,1
1,1,1,0,0,1,0,1,0,0,0,1,1,0,1,1,1,0,0,0
0,1,0,0,0,1,0,1,0,1,0,1,1,0,0,0,0,1,1,0
0,1,0,1,1,1,0,1,0,1,0,0,1,0,0,0,1,0,1,1
1,1,1,1,0,1,1,1,0,0,0,1,1,1,1,1,1,0,1,0
1,1,0,0,1,1,0,1,0,1,0,1,1,0,1,1,1,0,1,0
0,1,1,0,0,0,1,0,1,0,0,0,1,1,0,0,0,1,1,1
0,1,0,1,0,0,0,1,1,0,0,0,0,1,0,1,0,1,1,0
1,1,1,1,0,1,1,0,0,1,0,1,0,1,0,0,1,1,1,0
1,1,1,1,1,0,0,1,1,0,1,1,1,0,1,0,1,1,1,1
0,1,0,1,1,0,0,0,0,1,0,0,1,0,1,0,1,0,0,0
0,1,1,1,1,1,1,0,1,0,0,0,0,1,0,1,0,1,1,0
1,1,0,1,1,1,1,0,0,1,0,1,0,0,0,0,1,1,1,1
1,1,0,0,0,1,1,1,0,0,0,1,1,0,1,1,1,0,1,0
1,1,1,0,0,0,0,1,0,1,0,0,0,0,0,0,0,0,1,1
1,1,0,0,1,1,0,1,0,1,0,1,1,0,1,1,1,0,1,1
1,1,1,1,1,1,1,1,1,1,0,1,0,0,0,1,1,0,0,1
0,1,0,0,0,1,0,1,0,1,0,1,1,0,0,0,0,1,0,1
1,1,1,0,0,1,1,1,0,0,0,1,1,0,1,1,1,0,1,1
0,1,0,0,0,0,0,1,0,1,0,1,1,0,0,0,0,1,1,1
0,1,0,1,0,1,1,0,0,1,0,1,1,1,1,0,1,0,0,0
1,1,0,1,0,1,0,1,0,1,0,0,0,1,0,0,1,1,0,0
0,1,0,1,0,0,0,1,0,0,0,1,0,1,0,1,1,1,1,0
0,1,1,1,1,0,1,0,1,0,0,0,0,1,0,1,0,1,1,0
0,1,0,1,1,0,0,1,0,0,0,0,0,1,0,1,0,1,1,0
0,1,0,1,0,1,0,1,0,1,0,0,1,1,0,0,1,0,0,0
0,1,0,1,0,0,1,0,0,0,0,1,1,1,0,0,1,0,1,1
1,1,1,1,1,1,1,0,1,1,0,1,1,1,1,1,1,1,1,0
0,1,1,1,1,1,0,1,1,0,0,1,1,1,0,0,1,0,1,1
1,1,0,0,0,0,0,1,0,1,0,0,1,0,1,0,1,0,1,1
0,1,1,0,0,0,1,1,0,1,0,0,1,0,1,0,1,1,0,1
0,1,1,0,0,1,0,1,0,1,0,0,1,0,0,1,1,0,1,1
0,1,1,0,0,0,0,0,1,0,0,1,1,1,0,0,1,0,0,0
0,1,1,1,0,0,0,1,0,1,0,0,0,0,0,1,0,0,0,0
0,1,0,1,0,1,1,1,0,1,0,1,0,0,0,1,1,0,1,0
0,1,0,0,1,1,0,0,0,1,0,1,1,0,0,0,0,1,0,0
1,1,0,1,1,0,0,1,0,1,0,0,0,0,1,1,0,1,1,1
0,1,0,0,1,0,0,1,0,1,0,1,1,0,0,0,0,1,1,0
1,1,1,0,0,1,1,0,0,0,0,1,1,1,0,1,0,0,1,1
0,1,0,0,0,1,0,1,1,0,0,1,1,0,0,0,0,1,1,1
0,1,0,0,0,1,0,0,0,1,0,1,1,0,1,0,1,1,1,0
0,1,0,0,1,0,0,0,0,1,0,1,1,0,0,1,1,1,0,0
1,1,0,0,0,0,0,1,1,0,0,1,1,0,1,1,0,1,0,1
0,1,0,1,1,1,0,0,1,0,0,0,0,1,0,1,1,1,0,1
0,1,0,1,1,1,0,1,1,1,0,0,0,0,0,1,1,1,0,0
1,1,0,1,1,1,0,0,0,0,0,1,1,1,1,1,1,0,0,1
0,1,0,1,1,1,0,1,1,0,0,1,0,1,0,1,1,1,1,0
0,1,1,1,1,0,0,1,1,0,0,0,0,1,0,1,1,0,1,0
0,1,1,0,0,0,0,1,0,0,0,0,0,0,0,1,0,0,0,1
1,1,0,1,0,1,0,0,0,1,0,1,1,0,1,0,1,0,0,0
1,1,1,0,0,1,0,1,0,0,1,1,0,0,0,0,1,0,0,0
0,1,1,0,0,0,0,1,0,1,0,0,1,0,0,1,0,0,1,1
0,1,1,1,0,1,1,1,1,0,0,1,0,1,0,1,0,1,0,1
0,1,0,1,1,1,0,0,1,1,0,0,1,0,0,0,1,0,0,0
0,1,1,1,1,1,1,1,1,0,0,1,0,1,0,1,1,1,0,1
0,1,0,1,1,1,1,0,0,1,0,1,1,0,0,0,1,1,1,1
0,1,1,1,0,0,0,1,1,0,0,0,1,1,0,0,0,0,1,0
0,1,0,1,0,1,1,1,0,1,0,1,1,1,1,0,1,0,0,0
0,1,1,1,0,1,1,1,1,0,0,1,0,1,0,1,1,1,0,1
0,1,0,1,1,1,1,1,1,1,0,0,0,1,0,1,1,1,0,1
0,1,1,1,0,0,1,1,1,0,0,1,0,1,0,0,0,1,1,0
0,1,0,1,0,0,0,1,0,1,0,0,1,0,1,0,1,1,0,0
1,1,0,1,1,1,0,1,0,1,0,1,0,0,0,0,0,1,1,1
0,1,0,0,0,1,1,0,0,0,0,0,1,1,1,0,1,1,1,1
1,1,0,1,0,0,0,0,0,0,0,1,1,1,1,1,0,0,1,1
0,1,1,0,0,0,1,1,1,0,0,0,1,0,0,1,0,1,1,1
1,1,1,0,0,0,1,1,0,1,0,1,1,0,1,1,0,0,0,1
0,1,1,1,0,1,1,1,1,1,0,1,1,0,1,0,1,0,0,0
0,1,0,1,1,0,1,0,1,0,0,0,1,1,0,0,0,0,1,0
0,1,0,0,0,1,0,1,0,1,0,1,1,0,0,0,0,1,1,0
0,1,0,0,0,0,0,1,0,0,0,1,0,0,0,1,0,0,1,1
0,1,1,1,0,1,0,1,1,1,0,0,0,1,0,1,1,1,1,0
1,1,0,0,1,1,1,0,1,0,1,0,0,1,0,0,0,1,0,0
1,1,1,0,0,1,1,1,0,1,0,1,0,0,1,0,1,0,1,1
0,1,1,1,0,1,1,0,0,0,0,1,0,1,0,1,1,0,1,0
1,1,0,0,0,1,0,0,0,0,0,1,1,0,1,1,1,0,1,1
0,1,0,1,0,1,1,0,0,0,0,1,1,1,0,0,1,0,0,1
0,1,0,1,1,1,0,1,0,0,0,0,0,1,0,0,1,0,1,0
1,1,1,0,0,1,0,1,0,0,0,1,1,0,1,1,1,0,0,1
1,1,0,0,0,0,1,0,1,0,0,1,1,0,1,1,0,1,1,1
1,1,0,0,0,1,0,1,0,1,0,1,1,0,1,1,1,0,1,1
1,1,1,1,1,1,1,1,0,1,0,1,0,1,0,0,1,0,0,0
1,1,0,1,0,0,0,1,0,1,0,1,0,0,0,1,0,0,0,0
0,1,1,1,1,1,1,1,0,1,0,0,1,0,0,0,1,1,1,0
1,1,1,1,1,1,0,1,0,0,0,0,1,1,0,1,1,0,1,0
1,1,0,1,0,1,0,0,0,0,0,1,1,1,1,0,1,0,1,0
1,1,1,0,0,1,1,1,1,0,0,1,1,0,1,0,1,0,1,0
1,1,0,0,0,0,0,1,0,1,0,1,1,0,1,1,1,0,1,1
0,1,1,1,1,0,0,0,1,0,0,0,1,1,0,1,0,1,0,1
0,1,0,0,0,1,1,1,0,0,1,1,0,0,0,1,0,0,1,1
0,1,1,1,0,0,0,0,1,0,0,1,0,1,0,1,1,1,1,1
1,1,1,0,0,0,1,1,0,0,0,1,1,0,1,1,0,0,1,1
1,1,0,1,1,1,0,1,0,1,0,0,0,0,0,0,1,0,0,0
1,1,1,0,0,1,1,1,0,0,0,1,1,0,1,1,1,0,1,1
1,1,1,0,0,1,1,1,0,1,0,1,1,0,1,1,0,0,0,1
0,1,0,0,1,0,0,0,0,0,0,0,1,0,1,1,0,0,0,0
1,1,0,0,0,0,0,1,0,0,0,1,1,0,1,1,0,0,0,1
0,1,1,0,1,1,1,1,1,1,0,1,1,0,1,1,1,1,1,0
1,1,1,1,0,1,0,1,1,0,1,1,0,0,0,1,1,0,1,1
0,1,1,1,1,1,1,0,1,0,0,0,1,1,0,0,1,0,0,1
1,1,0,1,1,1,0,0,0,1,0,1,1,0,0,1,1,0,0,0
0,1,0,0,1,0,0,0,0,1,0,0,1,0,0,0,0,1,1,0
0,1,0,1,1,0,1,0,1,0,0,0,1,1,0,0,0,1,1,0
1,0,1,0,0,0,0,1,0,0,0,1,1,1,0,0,0,0,1,1
1,1,1,1,1,1,0,1,1,0,0,1,1,0,1,1,1,1,0,1
1,1,0,1,1,1,0,0,1,0,0,1,1,1,1,0,1,1,1,0
0,1,0,1,1,1,0,1,0,1,0,1,1,0,0,1,0,0,1,1
0,1,0,1,1,1,0,0,1,0,0,1,1,1,0,0,0,0,1,1
0,1,0,0,0,0,1,1,1,0,0,1,0,0,0,1,0,1,0,0
0,1,1,1,0,1,0,0,0,0,0,1,1,1,0,1,0,1,1,1
0,1,1,0,0,1,1,0,1,0,0,0,0,1,0,1,1,1,1,1
0,1,1,1,0,0,1,0,0,1,0,0,1,0,0,0,0,0,1,0
1,1,0,1,0,1,1,0,0,0,0,1,1,1,0,1,1,0,1,0
0,1,0,0,0,0,1,1,0,1,0,0,1,0,1,0,1,1,0,1
1,1,1,0,0,1,1,0,0,0,0,1,1,0,1,0,1,0,1,1
0,1,0,1,1,0,1,0,0,0,0,1,0,1,0,1,1,0,0,1
0,1,1,0,0,0,1,1,0,1,0,1,1,0,1,0,0,0,0,1
1,1,0,1,0,0,0,1,0,1,1,1,0,0,0,0,1,0,1,0
0,1,0,0,1,1,0,1,0,0,0,0,0,1,0,1,0,0,0,0
1,1,1,1,0,1,1,1,0,0,0,1,0,1,1,1,1,0,0,1
0,1,0,0,0,1,0,1,1,0,0,1,1,0,0,0,0,1,0,1
1,1,0,1,0,1,0,1,0,1,0,0,0,0,0,1,1,0,1,0
1,1,1,1,1,1,1,1,1,1,0,1,1,0,1,1,1,0,1,0
0,1,0,1,1,1,1,1,1,0,0,1,0,0,1,1,1,1,0,1
0,1,1,1,1,1,1,0,0,0,0,0,0,1,0,1,1,0,0,0
1,1,1,0,0,0,1,1,0,0,0,1,1,0,1,1,0,0,1,0
0,1,0,1,1,0,0,1,0,1,0,1,1,0,0,0,1,1,1,1
0,1,1,1,1,0,1,0,0,0,0,1,0,1,0,1,0,0,1,0
0,1,1,0,0,1,1,1,0,1,0,1,1,0,1,0,1,1,0,0
0,1,0,1,0,1,0,0,0,1,0,1,1,0,0,1,1,0,1,0
0,1,1,1,1,1,1,0,1,0,0,1,1,1,0,0,1,0,1,0
0,1,1,1,1,0,0,1,1,1,0,0,0,0,0,1,1,1,1,1
0,1,0,1,1,0,1,0,1,0,1,0,1,1,1,0,1,1,1,0
0,1,0,1,1,0,0,0,0,0,0,0,0,1,0,1,0,0,1,1
0,1,0,0,0,0,0,1,0,0,0,0,1,1,0,1,0,0,0,0
1,1,0,1,1,0,1,0,0,0,1,1,1,1,1,0,1,1,1,0
1,1,0,1,0,1,0,1,0,1,0,1,0,0,0,1,0,0,0,0
1,1,0,0,0,0,0,0,0,0,0,1,1,0,1,1,0,0,0,0
0,1,1,1,0,0,0,1,1,0,0,0,0,1,0,0,0,0,1,0
0,1,0,0,0,1,0,0,0,0,0,0,1,0,0,1,1,0,0,0
1,1,1,0,0,0,0,1,0,0,0,1,1,0,1,1,0,0,0,1
0,1,0,0,1,1,0,0,0,1,0,1,1,0,0,0,0,1,0,0
0,1,0,0,0,1,0,1,0,1,0,1,1,0,0,0,0,1,1,1
0,1,0,0,1,0,0,0,1,0,0,0,1,0,0,0,0,1,0,0
